1136	8196	13432	-1834	430	168
	244	7364	13928	-365	226	-1051
	380	7652	14372	-2233	492	-1814
	-988	5168	14864	-4104	1641	-2988
	488	5924	14040	-60	3264	-1443
	676	7048	16208	5455	3598	942
	-624	8224	18832	9072	-234	-2334
	-428	8532	12312	356	1865	-712
	636	13976	5164	5306	9173	2587
	-344	10388	14620	3229	-1056	2482
	488	3128	12960	533	2674	459
	-2340	1784	16108	-500	5044	-3353
	-2648	708	19244	-7857	-5020	2684
	-2500	7256	16148	-4049	-359	3920
	-1852	7756	12776	-940	-1155	3509
	-1840	7692	15192	-186	459	2632
	-1760	8192	15996	-1732	2437	5333
	-624	6564	14940	-1672	2201	6720
	-1980	4956	14256	-3590	1521	6416
	-1448	5340	16344	-6504	-279	3081
	-2448	4840	12520	-4765	-1302	1473
	-1020	5396	13588	-2683	-158	1271
	-692	5856	14060	323	-157	1244
	-2288	4620	13924	3895	2801	990
	-1696	5240	15712	2628	743	-601
	-1608	6748	14852	1151	430	-170
	-2144	6308	15476	-2300	280	1785
	-2276	5352	14572	-6490	-2059	2259
	-1932	4472	13776	-8179	-1452	56
	-1276	4296	14748	-7945	-2571	-639
	-1216	5528	14316	-4039	-276	-685
	-1008	5392	13612	-1846	495	-1069
	-888	5712	15812	124	1556	-388
	-1636	4044	14272	-1460	843	-748
	-1712	4444	17000	-1879	1815	-525
	-2232	3636	16308	-7004	-854	247
	-2164	4192	13832	-5382	71	157
	-940	4372	15356	-4411	-1231	1726
	-1212	3376	14836	-2539	-2292	1037
	-2096	2932	13756	716	-2356	400
	-1452	4344	15252	2406	-1188	-1523
	-612	5724	15748	-1016	-644	-775
	-916	3804	15880	-4079	-2710	1482
	-880	3904	14648	1097	360	1933
	-1304	3696	16908	1788	346	767
	-992	3680	15372	3128	126	914
	-1708	3016	14620	2214	-1624	-245
	-1128	3716	16216	784	-993	-468
	-52	4080	13112	-1576	-1984	1293
	-160	4188	13432	-958	-762	2194
	-556	3748	13928	1683	-873	279
	-496	5372	15580	4112	-677	1487
	-496	4500	16348	3274	-879	3215
	140	4188	16112	1743	-1271	1744
	-844	3432	14968	3019	110	79
	-796	4972	15512	-237	-16	359
	-244	5904	15024	-170	-333	3576
	344	5888	14116	2191	335	4104
	712	5076	12988	1678	-491	807
	92	2972	12340	-5332	1993	-432
	256	5640	14216	-1085	-155	2448
	-308	4636	13476	1816	1233	1126
	-632	3220	17756	-1966	-1059	477
	4628	3628	11856	-9116	-2616	-5393
	-1672	-6868	13780	5857	17009	-5844
	-236	4472	11980	-1898	-4851	2555
	188	4212	15060	1217	1696	1212
	284	4724	17068	2072	-58	48
	152	4924	16424	1001	-358	-1087
	-16	4716	14708	-756	-351	-1028
	-508	4908	15312	-485	-73	-1087
	-600	3512	14720	248	-586	-1748
	-44	4632	14956	2	-1350	-1917
	-640	4664	14788	516	-1018	-1148
	-204	3132	13804	1332	-1322	-1740
	-40	3832	15312	-155	-1444	-3191
	452	5572	15428	-1741	-1160	-3852
	88	5960	14840	193	-1632	-3512
	140	4920	16632	3019	-2347	-4146
	564	4644	14436	1287	-2685	-3918
	332	5468	14476	399	-651	-3570
	644	5260	15568	2073	139	-4226
	-116	5724	13448	5059	-3846	-4904
	-548	4896	14640	6215	-2397	-5009
	-1180	3488	8912	7992	-1508	-9942
	2160	-2180	19052	14196	-7748	-14508
	3800	-2864	25936	7262	13985	-10650
	1604	12212	18936	-11827	2238	-7432
	56	7864	14336	-17000	5111	-2764
	-284	3140	15504	-16586	9540	-535
	-1976	5428	15112	-10399	4987	1715
	-112	5620	18364	2260	1432	3363
	-544	5652	16956	5696	-2093	3987
	-832	-2092	18400	1566	-13886	3194
	-2020	9368	8240	4365	32767	12793
	-5520	2664	30084	1786	18988	-4272
	-3320	4520	16864	-5525	-1656	-5554
	-1564	10668	-3088	-2561	9954	-8809
	-4788	1944	16928	-1669	7376	-3757
	-2324	5672	13768	-4548	227	-3708
	-5512	3472	14504	-2515	3633	-2202
	-4304	5232	17004	-4535	2134	-4352
	-4068	3464	15544	-5172	-1259	-2355
	-5752	1048	13584	-3133	-1762	-1755
	-4084	2072	13876	-1242	-563	-4171
	-3864	3572	15080	880	-767	-1611
	-2340	4344	13896	-81	2011	-2946
	-3000	3908	15708	-447	2582	-987
	-4376	1660	15580	-697	1201	-2275
	-3396	3924	15800	17	506	-1975
	-3148	3848	14872	-868	123	-993
	-2728	3404	13928	132	1640	9
	-5256	2096	15772	131	1658	551
	-4104	2712	14860	161	-622	-928
	-4772	3464	16216	470	128	811
	-4820	2172	14656	-1015	-2958	-262
	-4100	2996	12872	640	975	117
	-4880	2172	17536	81	-689	-417
	-3268	3628	13788	-41	-1624	19
	-4036	2584	15400	253	122	-658
	-3336	4072	15308	288	48	-66
	-4596	2496	16444	-305	-1480	215
	-4116	2808	13596	-187	-1519	-457
	-2788	3508	14872	335	683	-1640
	-2728	4456	15636	266	820	138
	-3824	3104	15336	-987	114	298
	-4996	2296	14920	-650	-242	78
	-4376	2516	14324	-139	416	-1394
	-4056	3960	15752	373	958	-714
	-3916	4020	15840	-914	-630	-87
	-4368	2336	15892	-1059	-1132	279
	-4292	2656	15484	-945	-2922	-170
	-4740	2880	14208	-522	-2658	-813
	-3328	2524	15804	-704	-2825	-1240
	-3468	2296	14756	-935	-1874	-318
	-3588	3112	14716	-723	-1217	-1515
	-3880	2644	16076	-360	-1601	-776
	-3472	3152	14444	84	-1592	-302
	-3960	2336	15656	-44	-2114	-896
	-2468	3244	14252	247	546	-854
	-3024	3300	15168	-95	1131	-708
	-4068	1348	15352	-120	1216	-592
	-3612	2292	16708	-214	-291	-498
	-3852	2660	15764	100	-2000	-571
	-2692	3352	16088	-393	-1437	-375
	-3468	1552	15732	-1080	-2592	42
	-3020	2068	13584	238	-996	-238
	-2496	2708	16300	767	-1012	-830
	-2896	2408	15344	73	-1555	-449
	-2612	3680	15828	184	-2895	85
	-2652	2280	14848	209	-3063	-80
	-2668	2712	15868	395	-2921	132
	-2200	4096	17088	-326	-5873	-24
	-3356	2832	18188	27	-8409	2268
	-2620	3532	16176	1298	-12116	2924
	-2288	3400	18836	997	-13210	2409
	-2496	4148	22220	-1736	-19995	3783
	-736	3632	16720	-492	-26979	5078
	-1804	3112	18064	2856	-27166	6694
	3972	5372	17176	2470	-31736	7109
	3212	6904	20640	1432	-32768	14080
	248	172	15652	-3029	-32768	11029
	4152	1492	12216	-786	-32768	8476
	10524	2960	8844	343	-32768	8955
	11824	5200	5588	3947	-32768	14340
	6880	-1036	16684	-1784	-32768	10696
	10348	696	4656	839	-32768	10161
	8300	7508	18476	16040	-32768	16607
	-9900	752	22100	11274	-32768	7912
	10764	-784	4636	-7528	-32768	14854
	11524	-3168	-7000	4581	-32768	13312
	13940	568	3108	6963	-32768	15143
	11392	-3760	-2272	3663	-32768	16278
	8448	-5540	-6516	4207	-32768	14047
	9312	-7080	-10968	2728	-32768	7946
	12600	-5820	-12732	3245	-28932	3862
	13296	-2984	-10880	4475	-22901	8888
	8836	-4356	-9592	2270	-27050	8594
	7500	-8460	-15036	-1687	-22439	3928
	11068	-6108	-16248	-3100	-14192	1358
	11316	-2888	-12272	1286	-9173	2466
	10264	-3500	-9892	-830	-20211	2519
	7852	-5624	-14368	-1029	-22264	5556
	6560	-6144	-13580	-851	-16172	1579
	8184	-2516	-11584	-202	-17752	2972
	6264	-4844	-14304	-1297	-18855	3421
	5172	-6428	-13712	-101	-18733	2851
	4112	-6548	-14356	-1272	-18945	2711
	4484	-3920	-12268	-4169	-22495	4221
	5236	-1920	-11520	-8598	-27408	5383
	-1288	-9828	-17304	-10496	-25651	8222
	624	-6772	-23460	-5566	-10021	-965
	2428	-1024	-18196	519	-3970	2093
	-292	-4508	-14792	-1547	-9302	1147
	-1136	-5404	-18924	-826	-8629	1329
	-1444	-4892	-19136	-249	-4148	1457
	504	-2728	-18924	-305	-2225	790
	-1200	-5404	-18080	70	-1000	1820
	-1356	-5168	-18628	116	1208	1613
	-652	-4020	-18960	556	3468	1271
	44	-3556	-18176	8	4494	2480
	312	-3412	-18944	555	6324	2723
	-332	-5128	-17464	-1475	8497	2509
	1144	-3216	-20076	-2578	11298	2627
	1996	-2476	-18188	-693	11942	3541
	608	-4704	-17520	-671	10636	3966
	1488	-3720	-22868	-3711	15849	5501
	1892	-3620	-23208	-4261	23375	5234
	2644	-4092	-19580	-739	27374	5529
	3600	-4644	-16600	-795	23779	3539
	5536	-3764	-18608	-1878	26122	3299
	6376	-3928	-18160	-2875	31836	3199
	7000	-4192	-15576	-2132	32767	3752
	8108	-3524	-11532	-82	32767	2557
	7264	-6564	-10048	-916	28521	1648
	9804	-4288	-13272	-3081	30853	706
	12128	-2576	-14468	-3807	32767	1928
	11688	-3352	-10976	-1739	32767	2605
	10836	-4628	-5148	175	32767	1177
	11360	-5328	-3204	-3301	32767	1004
	14644	-2536	-5428	-3816	32767	156
	11596	-3216	-3964	-2019	32767	2846
	10668	-5296	2076	643	32767	-882
	11600	-4948	3724	1836	32767	-1386
	14160	-1000	920	3490	32767	-1217
	6568	-5008	1584	5837	32767	517
	7528	-4228	9504	6934	32767	-8849
	8220	-1612	13372	6418	32767	-4901
	9312	-2464	15412	619	32767	-6284
	4980	-3108	12348	105	32767	-2808
	4256	-2884	13168	-2276	32767	-6242
	3416	-2876	13928	-3219	32767	-5328
	4828	-964	11136	-406	32767	-3036
	-124	-1824	13944	3625	32767	1580
	-3620	-5768	17752	891	30089	-3327
	656	684	15192	125	22992	-1938
	-3196	-3552	14760	1630	19053	371
	-3808	-3176	14180	2223	20343	-953
	-4868	-908	14864	3089	20581	739
	-6632	-2272	16896	3288	17183	261
	-6288	-844	14940	4614	12771	2859
	-9252	-3216	11748	4256	16284	530
	-6052	272	13800	5611	20591	-1504
	-9100	-1232	16284	6457	16600	2420
	-7936	-1120	13720	5916	12483	914
	-9264	2484	10692	8970	16605	5782
	-9920	-2032	15464	7505	17820	-802
	-7684	2644	15396	5361	11968	3687
	-11244	-276	12140	4432	8989	4674
	-13004	44	12080	7187	13584	2427
	-12932	2364	16324	7039	14674	385
	-12360	4088	18032	3945	7639	2571
	-16400	24	14712	217	-7332	4209
	-17752	-2072	14752	896	-7762	-1228
	-12860	4432	19564	611	-13322	-2343
	-11528	5564	21100	-3854	-24685	1128
	-12996	1704	18664	-6754	-32768	2718
	-11140	2004	14976	-4031	-32768	3771
	-10616	1156	16680	-2366	-32768	1915
	-5640	4908	16576	-2135	-32768	4795
	-3276	5028	15596	-3095	-32768	9737
	-4660	-32	16716	-4889	-32768	9898
	-3284	-1904	11664	-4876	-32768	7734
	328	-1796	9264	-1459	-32768	3599
	5552	2112	14564	-2156	-31168	3708
	5312	-360	10328	-3840	-32768	6629
	4156	-3660	10100	-825	-29031	2569
	10776	1652	9984	488	-29386	418
	13728	3288	10124	2951	-29149	6124
	7088	-1304	14728	683	-31202	8597
	10304	-556	9256	-2540	-32768	3152
	11920	-764	5800	466	-32768	4366
	13264	-432	6080	1846	-32768	4074
	12844	412	7912	1169	-32768	5535
	11596	-1776	5360	-3258	-32768	5352
	13140	-932	-1952	-1331	-32768	4719
	12724	-2548	-560	-284	-32768	4383
	13380	-1464	-2624	-361	-32768	4419
	12096	-2680	-4832	-711	-32768	4797
	11048	-4008	-6844	-1582	-32768	2219
	12764	-2404	-10320	-57	-31480	1882
	11844	-2144	-10200	1486	-29395	3007
	9292	-4176	-10028	536	-28287	2309
	10664	-3080	-11692	320	-28293	1414
	9900	-1144	-12232	6527	-26878	1796
	7284	-2628	-12900	-1284	-23008	5526
	5968	-6556	-13236	-2833	-19924	1277
	8600	-3268	-14676	-1138	-19154	-153
	9160	-2008	-13892	1821	-21760	2045
	5748	-3476	-12892	899	-25215	2942
	4852	-3416	-15036	647	-27980	2475
	4120	-4632	-13704	-388	-31274	3971
	1616	-4060	-19084	3089	-26587	339
	492	-5116	-20088	-1670	-17284	2423
	1136	-3292	-16976	1318	-11288	370
	1112	-3228	-17636	985	-15557	631
	1500	-3440	-18188	2379	-14692	353
	-220	-2688	-20588	3015	-11745	2619
	-864	-4444	-24728	-2086	-3687	4095
	608	-3968	-22464	1053	1316	2147
	528	-3172	-21084	1073	1689	3784
	-452	-5448	-23372	1110	5913	4223
	672	-3900	-24036	2088	10972	3387
	1684	-4624	-24744	4064	17785	6082
	296	-4632	-21592	-882	24567	7620
	2836	-4644	-20952	-55	25633	5558
	2400	-2760	-19276	-2338	27202	9043
	2108	-6960	-19908	3032	23616	8542
	2508	-6252	-18360	4015	24442	4945
	3300	-6212	-18740	4920	27964	3358
	4772	-5448	-18748	8304	32767	1701
	6028	-4036	-15080	9048	32767	1299
	6012	-7884	-8796	12524	32767	2219
	7952	-7456	-8064	10063	32767	-1909
	9748	-4928	-10176	7873	32236	-1199
	9908	-6444	-10900	9607	32767	-2148
	9732	-4980	-8960	13914	32767	-1777
	8384	-6292	-4216	15212	32767	-2110
	9200	-6976	-272	12872	32767	-4890
	10916	-5336	1224	9152	32767	-7604
	10840	-4640	996	7012	32767	-6760
	9564	-5412	2096	8198	32767	-8015
	9040	-4180	3968	11399	32767	-9406
	7112	-2292	12052	12698	32767	-8328
	6496	-2468	16612	9296	32767	-8092
	6292	-3404	16500	2944	27355	-8110
	8068	-2644	8964	-1807	24545	-9417
	4920	-4400	6236	1625	32767	-9893
	3000	-1180	10696	7296	32767	-10821
	-1064	-4552	17332	4846	32767	-10448
	1592	40	15764	1717	31765	-12031
	-544	-716	13424	1880	30561	-8167
	-3476	-1228	15616	1449	30005	-8431
	-2296	-2876	15484	-1172	25066	-10642
	-3720	-4284	13844	932	25412	-4651
	-5068	100	12652	3533	26274	-6680
	-6848	-1000	16568	4202	24500	-4830
	-6012	-772	16124	1683	16330	-3698
	-7176	-2188	11684	1849	14944	-3360
	-7784	-2744	11536	4588	20353	-5035
	-9396	-500	13264	7241	22235	-3879
	-11080	-1820	17320	5848	19158	-4318
	-9748	16	15624	4490	12012	-3295
	-10364	-984	14040	3116	8445	-1941
	-9168	532	12484	3832	7923	-596
	-13792	-2620	12784	4213	11340	-293
	-12108	776	13604	5683	12362	-4310
	-13472	-564	16284	5489	8530	-1512
	-12356	12	15188	3319	2060	-2062
	-9236	1148	12716	374	1083	-798
	-11200	880	10576	132	3502	1982
	-10588	212	11616	2215	5747	-1325
	-10000	948	13324	2368	4554	2402
	-11576	-1096	11940	-415	-149	3836
	-9704	1680	8092	1142	3312	3571
	-10856	2260	9816	2637	10329	4573
	-15940	-736	13992	2373	9204	4072
	-12852	1376	17836	-2320	6226	1723
	-11808	1232	18452	-12510	-16136	3295
	-13780	-2440	976	-19563	16718	-2073
	-14360	-4360	-5520	7569	32767	-5359
	-16960	16	23968	-3149	32767	-6638
	-12552	3380	12312	-23447	21543	-2531
	-14136	-52	3404	-14606	12554	4854
	-13636	-4600	-4308	-21808	21748	-1790
	-15500	-1720	76	-32768	32767	-4873
	-15348	-1668	1172	-22884	31443	-721
	-15036	-3168	-440	877	8094	3652
	-14876	-4148	-5836	-4681	16317	-6
	-17856	-2656	1448	-6880	19316	1799
	-16688	-3392	2748	-7183	10903	-407
	-17152	-1604	-6016	-9921	8250	-1755
	-14216	-3508	-4496	-8039	18726	-6769
	-15512	-668	-6064	-10837	31221	-1356
	-17564	-1928	-1444	-6828	21894	-18
	-14160	-1392	-4968	-836	12968	1844
	-14016	-2580	-9236	-3843	14665	-1929
	-14680	-2680	-10984	-3889	23775	-4921
	-15568	-1032	-7652	-3008	32216	-5232
	-12600	-2492	-8336	-9059	20127	-1223
	-12352	-2244	-8132	-2131	9642	-2180
	-13024	-1372	-16868	-7971	32767	-11
	-13284	-1372	-12672	1316	31223	-2156
	-7964	-2540	-11952	-1255	23863	-4157
	-10656	-940	-17392	-2076	27864	-3227
	-8488	-4032	-11888	285	18817	-811
	-4312	-2460	-14712	-620	16442	2268
	-4820	-1664	-18524	4095	21043	-795
	-5408	-1892	-12800	104	18017	-2353
	-1972	-4484	-17100	33	31664	-3862
	-2620	340	-23460	15607	32767	-2785
	-2320	-2692	-15644	10474	32767	-4424
	2736	-6644	-1536	-7623	8019	-2362
	5592	5684	-9612	-15199	5788	4929
	-108	-5480	-29000	-4836	32767	-2794
	8924	68	-3964	9062	17118	-3721
	10080	172	-11592	11617	8650	4479
	8420	-1404	-10832	5376	4570	6153
	8320	-4492	-18128	-2316	10039	10076
	8296	-3596	-14756	-5606	13986	10303
	8820	-3284	-15548	-3216	12782	10256
	9144	-3340	-11084	-615	9635	7760
	8592	-3736	-24376	8005	2180	419
	8396	-5052	-10464	-553	1429	-355
	9380	-5368	-13572	-709	7042	-5375
	11432	396	-8672	-2341	3522	-3374
	9460	-3364	-9876	-2068	707	962
	8404	-284	-28392	-7725	-9510	8725
	7012	-5760	-21368	-8033	5299	471
	10876	-264	-13400	1158	9170	-1143
	6676	-5780	-10800	-6617	3980	837
	10260	-1476	-19496	4776	-2948	-5587
	9912	-2048	-19468	9525	18073	2040
	8916	-3044	-6600	667	23446	2254
	13996	-1128	-8196	-19104	11389	-3214
	14388	-496	-18968	-14343	12185	4877
	11948	-1784	-15792	-9362	22232	3935
	13592	-1220	-10088	-4417	26306	13590
	14004	-1764	-12144	-896	24434	6482
	14624	-1028	-12428	4155	24545	8765
	9528	-5656	-9700	6864	25876	4750
	15060	-2596	-6304	-2626	23847	1318
	15720	-3292	-9020	-5889	26862	3685
	13776	-4776	-7300	-949	23314	4453
	13960	-4448	-5308	5999	23244	1906
	14132	-4036	-4628	4927	26792	195
	14252	-4512	-2944	1234	32767	-554
	14252	-4680	732	5685	31724	-2666
	14320	-4240	2724	6125	27908	-3255
	12848	-4284	4632	4294	28349	-5471
	17484	-1512	5736	1842	21551	-5765
	14136	-2812	3692	2560	20871	-1791
	9844	-5132	6452	595	20929	-6338
	13904	-2256	5184	1378	24074	-9667
	15768	-464	5944	4990	28814	-6956
	11696	-2252	8920	6807	27123	-3777
	6716	-3652	10988	4789	30468	-6986
	9208	-1352	13436	791	32767	-11795
	10680	660	12520	-4260	31139	-10346
	8176	8	13652	-2114	28518	-8615
	8172	1456	15008	-1367	30465	-8254
	7228	2072	14708	-7794	27798	-3524
	1600	-1876	13640	-5549	27351	-3371
	3604	600	14544	-2996	25827	-1671
	3696	-656	15124	-7294	25473	-2430
	1320	-440	14576	-1648	24837	2783
	-3768	-3184	17324	-3237	22265	363
	-2336	-2124	14192	-1829	20668	-2176
	-420	36	17688	1598	20755	-924
	-3808	-1600	15704	-2990	16453	2197
	-6012	-3488	12800	-2725	11855	530
	-5460	-2160	14936	5419	10564	-88
	-4716	-528	16856	3778	8124	-113
	-5840	-792	15736	3110	9478	-202
	-5208	-508	15280	3699	7010	57
	-5700	-368	16080	5683	5144	972
	-7144	-372	15424	4981	5283	272
	-4640	1920	15976	5134	6184	52
	-6648	84	20128	703	1224	1537
	-8644	-1440	16512	-4154	-2975	-70
	-5684	-692	12724	-1816	-1109	-1632
	-6244	-1032	15520	643	-2098	-417
	-6836	-884	17960	-226	-6628	-849
	-4172	996	19776	-1865	-11898	443
	-5260	-100	17524	-6961	-23795	4023
	-8056	-1920	18988	-3085	-23761	3739
	-5408	-352	19460	-4018	-27275	933
	-620	1772	22960	-8896	-32768	589
	-1352	1240	24036	-15117	-32768	5773
	-6032	-3188	17924	-19324	-32768	3957
	-1808	-4512	7764	-16910	-32768	-2357
	6808	-1984	9324	-7637	-32768	-2414
	7168	-2808	12940	-3349	-32768	2535
	7928	-4408	6704	-4796	-32768	638
	7400	-6468	6080	1769	-32768	484
	15196	-1408	8328	-882	-32768	-1050
	13336	-3880	3316	-4390	-32768	4233
	6980	-7448	3852	477	-32539	3081
	10676	-6808	4740	-6595	-32768	-6197
	20348	-1452	256	-3897	-32768	-6068
	20664	516	-4316	4636	-32768	4041
	9032	-6532	2072	7767	-25777	4771
	9572	-5936	4580	-12105	-31244	-1005
	14592	-4896	-11124	-7755	-32768	-6135
	18540	-2516	-9764	-603	-32758	-451
	11336	-4356	-6380	2874	-22437	3830
	6704	-7372	-1980	-11003	-28154	-2854
	12700	-3616	-12108	-7690	-30857	-8261
	16572	-724	-16720	-3500	-31848	-3985
	12588	-2436	-14732	9136	-24262	798
	7240	-5384	-6320	715	-21407	-788
	10056	-2924	-11256	-6953	-26266	-3713
	10476	-2208	-18656	3577	-25351	-1685
	7064	-3312	-13080	5684	-21372	-299
	4252	-5668	-10484	-625	-16505	-3294
	8032	-1812	-14220	-7057	-17820	-3015
	6656	-2556	-19144	-340	-18068	-1151
	4076	-3732	-14336	1630	-18045	-1392
	4084	-2976	-13788	-1656	-17752	-1771
	4736	-3200	-18436	-3230	-14802	-1847
	4228	-972	-20148	-1703	-14090	-2
	-204	-4684	-32768	4882	-10740	-1415
	3008	-1296	-14888	28316	4421	1487
	2280	-4400	-9280	15746	-7353	2264
	1720	-5388	-18168	-5907	-7374	5
	-824	-5896	-20220	6982	-4534	-502
	2304	-4268	-15316	3440	-4307	1148
	2708	-3792	-10696	-1763	-5646	788
	-1236	-6980	-17596	-10382	-6052	-253
	424	-5384	-16596	-5017	-2102	974
	3356	-2028	-14252	-10834	-1141	4247
	80	-4324	-17924	-12189	-821	5452
	-556	-2748	-14340	-10172	-2401	-507
	1236	-1604	-14816	-14045	-13076	2315
	-2392	-4760	-21312	-27	-10820	-3558
	-1580	-912	-12348	304	-17726	9198
	-1808	-1052	-11756	-6991	-22690	1098
	-5072	2976	-14784	-10070	-26228	4203
	-6628	-2712	-18624	-14251	-27444	5519
	-6128	-768	-17976	-7116	-20074	4019
	-4608	-3684	-11432	-8000	-21941	496
	-5488	1540	-10444	-7375	-28492	-1006
	-10452	4964	-11768	-7464	-32588	969
	-13312	716	-13816	-10663	-32768	4834
	-11424	-2904	-10468	-11586	-32768	-159
	-12688	-392	-9056	-12926	-32768	-3031
	-14540	3520	-7976	-10138	-32768	-3765
	-19204	4040	-9644	-7351	-32768	1707
	-17416	2344	-5172	-9799	-32768	-707
	-16480	1004	-3192	-13785	-32768	-5343
	-15232	5744	-5164	-7071	-30433	-3376
	-19048	6556	1152	-5581	-32768	2018
	-19264	-2532	2360	-13723	-32768	-4827
	-13688	4052	-2244	-9580	-32341	-6387
	-16596	1652	3364	-8715	-26555	-3202
	-15868	608	-2596	-14351	-19866	-6475
	-16064	1972	5276	-945	-10291	-3384
	-17436	-2500	8144	-7196	-14772	-5514
	-11376	4388	2632	4357	-9846	-13324
	-17140	2420	12964	3560	-29278	3201
	-16024	-1912	144	12896	-20015	-5032
	-12128	1500	3960	21560	-24538	-1286
	-15568	15076	2016	70	-21957	-441
	-12488	188	14768	-256	-19004	6077
	-11772	3744	12948	-2180	-20673	1708
	-12164	3164	13016	-3114	-21207	-1424
	-15100	-400	12164	3068	-19341	-1876
	-8900	3004	16496	-4900	-19591	-4039
	-8468	1508	16676	-3790	-19181	-1122
	-7820	2084	12412	-5280	-17125	1374
	-8508	1880	10928	-7659	-9694	527
	-8172	944	17048	-5021	4207	1385
	-7900	888	14980	-3946	-8215	-249
	-6264	1864	14380	-6066	-8317	-541
	-7848	864	14304	-4069	-8867	-35
	-7540	980	11924	-974	-7890	-1373
	-8352	880	14504	-3294	-4074	-1244
	-5664	332	15980	-1901	-4121	-3985
	-4712	116	16812	-3649	-5209	-5894
	-2240	160	11072	-9569	-1869	-4782
	-4092	-1356	10864	-1152	2043	-1292
	-3828	-1400	13976	5142	-1035	-916
	-3988	-372	15084	3644	-2857	1342
	-3092	-1068	16776	2349	148	1939
	-4276	-2036	16400	226	1908	2852
	-5884	-2072	15884	326	65	475
	-4748	-856	12168	1655	-403	-2122
	-2848	-156	13232	6752	4335	-425
	-3360	-1268	16500	13110	-577	1152
	-3412	-1480	19036	11088	-2866	476
	-3844	-388	15492	782	-2308	-1765
	-4324	152	12052	584	468	-3729
	-2948	924	11128	8276	2323	-2275
	-3540	1388	15752	10767	848	2854
	-6932	512	17228	4271	-278	1738
	-5736	1432	12512	158	1045	-1885
	-4944	1344	12432	3495	104	-2291
	-3816	1832	14912	6153	-2702	-1302
	-2744	2892	11660	-1075	-289	877
	-2596	1504	13228	2484	-2118	2204
	-3904	1940	13924	8253	-6880	3404
	-4416	2292	15764	5816	-7191	2727
	-3828	2636	13364	-5987	1123	1456
	-1528	4040	11212	-1577	620	2511
	-2296	2052	15596	13919	-5901	5584
	-3696	2944	19332	13736	-8585	6812
	-3912	2408	18124	-2217	-5442	2160
	-2044	4040	16044	-5359	-2959	498
	-2172	4900	15892	157	-4178	2680
	-2620	4076	16316	3928	-1946	2917
	-4592	3464	18812	-3828	-3940	-378
	-2196	3444	13552	-8561	-4174	-4326
	224	4792	13224	-1730	-2886	-1737
	-412	3852	14172	4853	-3063	1608
	-1404	3164	16972	3335	-2726	523
	-596	3776	14708	-481	-4694	-960
	-368	4004	14900	2286	-3249	332
	-300	4336	15500	3517	-1642	931
	4	4252	17880	2715	317	1363
	-1036	4156	18996	743	-3941	381
	-992	4640	17568	1590	-3880	245
	-672	3668	18696	308	-1903	-507
	-796	4224	18248	-5305	-661	-1752
	536	4608	14352	-4593	313	-2632
	-352	4052	15800	4278	-1019	-280
	-884	3292	16392	2473	1221	-2244
	-360	3900	17504	-2236	5174	-1765
	-380	3208	16124	-7857	3913	-2622
	184	3676	12588	-7007	3481	-2200
	-208	3120	12728	589	2125	94
	-1096	3368	13372	6140	-1108	1360
	-1916	3000	16076	3346	290	696
	-900	3452	13728	-3240	1327	-304
	-1500	3236	11464	-6080	1431	78
	-1968	1820	13872	-11542	-1249	-3063
	-3460	1388	12348	-18341	-10137	-5522
	-2136	-4300	5988	-27781	-11861	-9386
	-200	-19768	-2592	-32768	3380	-32768
	-3700	-2980	2100	1463	7118	-32768
	-708	-4668	-14040	-11459	32767	-32768
	-32768	7960	-5424	32767	-32768	32767
	32767	10672	-32768	32767	28753	30248
	17708	-6680	32767	871	5639	8190
	3908	-3744	11548	25159	32767	3018
	32767	-31748	32767	32767	-32768	14011
	5980	-14340	-32468	32767	32767	-12434
	6240	2136	-13824	15588	29128	-8658
	3868	-9568	-32768	32767	823	1756
	-1496	2364	32767	9804	12865	5114
	-14088	-7056	6516	7282	-24432	4889
	1344	-808	-20876	-1689	306	2706
	-15620	-4500	32767	-14662	-10129	-1464
	-10004	-2444	32767	-5732	-11331	-3955
	-5896	636	32767	-8798	-1554	-243
	2284	-2448	8868	8936	7226	1090
	-1676	-3676	14216	538	3157	-432
	-1208	-948	17992	133	-1778	201
	-1004	-1076	14688	896	1762	-152
	-1076	-1156	17468	-36	-778	-21
	-1132	-816	13896	-43	176	-79
	-1336	-916	14604	941	400	-31
	-1352	-968	16848	-226	-128	-108
	-1328	-832	15348	-368	-198	-106
	-1436	-864	15592	305	88	-99
	-1384	-936	16256	-40	67	-110
	-1308	-876	15964	-152	-202	-94
	-1376	-848	15344	12	-16	-100
	-1324	-796	15516	64	102	-93
	-1304	-820	15816	41	-7	-81
	-1348	-876	15664	10	46	-96
	-1408	-920	15820	-84	-15	-93
	-1284	-836	15592	-11	-8	-84
	-1320	-880	15260	49	110	-106
	-1488	-896	15056	-78	151	-110
	-1468	-796	15652	302	280	-93
	-1388	-936	16524	-65	-92	-81
	-1356	-736	16052	-259	-186	-133
	-1296	-860	15472	5	0	-151
	-1428	-896	15804	134	90	-96
	-2232	1100	16328	-3939	-353	5527
	-2636	-5824	16184	-2219	-848	4012
	-12	-584	17384	272	-754	2303
	984	684	12888	1990	1487	6042
	-1072	-2240	12360	1915	3812	9441
	-1888	-256	16796	3435	3475	-736
	-1576	48	12904	4140	17799	10646
	-7620	1844	24640	13015	8293	6374
	-5752	-280	21328	-5828	984	5485
	-2796	1552	21652	-1955	-7270	-158
	460	216	17356	-7448	-12956	-475
	-56	908	15872	-7075	-6013	2183
	-1832	-420	15044	-7166	-685	4241
	-10516	-804	4248	-4613	5722	1043
	-972	-1772	8128	-8145	7048	7389
	-3684	-4036	19856	-2873	-1943	-1416
	-2124	-404	14820	-9399	-4441	492
	-3212	-836	14192	-5149	-2404	1358
	-1684	-2672	16008	-6215	-176	1010
	-1956	-2520	15240	-4835	3525	841
	-2324	-4028	18936	-5256	-120	-1495
	-384	-2152	14764	-4502	3570	2123
	-2268	-3928	17328	-3004	5111	2547
	-1784	-6048	19388	-6963	2903	297
	-3172	-2832	11988	-6157	1756	-2906
	-2944	-3956	13724	-1426	5539	-1847
	-2548	-4324	15032	-1648	4793	-795
	-2980	-4012	15412	-3224	2531	-70
	-3016	-4368	13664	-2365	3936	1490
	-3404	-4700	14688	-3854	2237	1507
	-3464	-3784	12028	-2673	2736	1143
	-4100	-4500	13264	-2156	3283	2255
	-3940	-4292	12484	-1762	1597	1686
	-4428	-5180	13776	-1244	178	867
	-4220	-4056	12516	-2149	-484	-143
	-4156	-3852	11452	1088	3089	983
	-3988	-3772	13180	1608	3699	1788
	-4672	-4800	14516	2835	5091	2059
	-4524	-4204	14892	751	1095	-339
	-4860	-4168	13992	962	-678	-825
	-4568	-2888	13116	255	-647	-1317
	-4500	-3656	13192	1472	596	-635
	-4408	-3628	14096	520	452	-368
	-4640	-3388	15192	-88	187	81
	-4912	-3872	14520	-874	-2099	-1762
	-4516	-3620	14660	-927	-2466	-2989
	-4664	-3816	13736	-1217	-2197	-3195
	-4340	-3672	15540	-1043	-868	-2340
	-4696	-3672	14280	-2391	-3313	-3265
	-4232	-3420	12440	709	-2436	-3881
	-3704	-4328	13064	1547	-2207	-3351
	-3864	-4064	14920	435	-2981	-3884
	-2632	-4620	15232	307	-4564	-2849
	-1904	-4276	12764	-924	-4744	1963
	-3164	-4608	14324	502	-5074	1505
	-3044	-4924	13924	572	-4859	2544
	-1528	-4212	13220	2010	-900	6065
	-2428	-5228	14164	3855	3687	10942
	-3328	-5940	16452	1980	261	9619
	-2968	-4756	13136	2828	-1791	7884
	-5012	-7328	15632	4235	2559	10144
	-6136	-7596	18960	-1030	-3017	4849
	-4788	-4392	13592	-3621	-6978	978
	-4264	-2920	12448	-1338	-5419	2096
	-4272	-3992	13360	-197	-7983	543
	-2892	-2676	12168	3621	-2338	2622
	-4140	-5872	17180	4237	2110	2999
	-3096	-6064	18948	-73	654	879
	-1732	-4596	15540	-1932	-292	165
	-1120	-4628	14392	-886	-143	1851
	-2864	-5868	15732	1050	-1038	148
	-2956	-6148	16524	2150	1042	-692
	-2848	-6136	17724	257	-364	-4337
	-676	-3572	14048	-288	45	-2782
	-608	-3360	13772	745	785	-434
	-1160	-4684	14316	2742	880	107
	-2168	-5140	15840	2430	594	-264
	-2776	-5000	16308	1737	3709	998
	-2624	-4500	15396	1176	3681	17
	-2140	-3656	14300	941	2067	-485
	-1928	-3024	13164	2254	2005	-503
	-2380	-3984	13792	2292	1279	-716
	-580	-3612	12252	1877	739	-428
	-1380	-3864	12468	1401	-3177	-849
	568	-1564	208	-28765	1802	-6545
	-2444	-4084	13852	-32768	9585	-16249
	-1588	-5196	3460	-32768	-16137	-32768
	-17412	12520	6372	-12009	-31328	-32768
	6104	-6600	-32768	4611	17985	-32768
	-2052	22164	-3768	32767	21464	2542
	-32768	15588	-32768	32767	14400	16176
	31644	-32768	32767	-32768	-32768	32767
	2388	3600	-29476	32767	13103	29637
	-2204	-836	2544	-24277	32767	13735
	-6788	616	-15452	14828	32767	2398
	32767	-13512	-32768	32767	-4634	-1570
	-14740	15276	-25068	-12706	-30797	-15189
	-5464	3596	20016	16467	32767	-3231
	22732	-32768	32767	23863	6142	2744
	24540	-30328	-10220	-32768	4396	9225
	-15044	-8064	32767	-32768	-28311	-8129
	4592	-1896	-4224	25712	20926	-3725
	-1908	12996	-23188	23138	11659	453
	-2868	-2032	-11208	7046	7956	2866
	-5380	1540	-13164	9328	3776	-939
	-472	-1160	17064	-2329	5256	2126
	-2960	-1260	11256	1104	-3381	-460
	-1652	-628	13304	349	1696	-109
	-3464	-1912	20332	-236	-468	-479
	-1624	-1140	15316	340	253	67
	-1628	-1220	15376	387	145	-304
	-1104	-412	16080	83	66	-31
	-1376	-760	15768	-2	64	20
	-1500	-872	15688	142	92	-162
	-1372	-720	15844	111	94	-121
	-1324	-696	15784	69	64	-72
	-1372	-664	15728	115	76	-98
	-1404	-636	15872	102	71	-127
	-1412	-692	15772	30	10	-62
	-1412	-704	15784	88	57	-118
	-1456	-672	15664	84	75	-84
	-1340	-696	15812	14	61	-109
	-1384	-680	15796	61	51	-125
	-1264	-676	15732	103	53	-88
	-1268	-752	15832	106	82	-103
	-1364	-680	15864	38	64	-92
	-1416	-780	15676	84	61	-103
	-1432	-692	15776	91	67	-91
	-1420	-784	15880	58	38	-100
	-1416	-756	15796	22	57	-96
	2104	-4824	16124	3761	1098	-8560
	-2584	-4376	15544	3573	3646	3401
	-1600	1176	17044	807	1198	-17
	-120	-444	14128	-490	3840	-23
	-3444	-1584	15840	86	3918	1257
	-5272	60	15456	2833	5765	-1845
	-2120	4476	17536	2549	4473	5003
	1680	-3324	11824	7360	4841	9263
	-4220	-2452	18476	7203	8801	6739
	-3296	756	16672	9496	11532	3838
	-4032	136	19412	7248	3301	-4918
	-3968	4552	17048	-435	2300	-1848
	-4920	2312	17252	-3347	327	912
	-11488	428	15668	-3167	4494	-901
	-568	260	16596	-6915	-2833	-5506
	-4608	-1176	15348	-5946	-3636	-862
	-2396	1236	14468	-5234	-3281	2257
	-4156	-324	15588	-5178	-1196	3102
	-4344	-596	14020	-4861	3562	2722
	-2828	552	14280	-3192	3850	2297
	-5496	-1988	16764	-3218	57	1417
	-3480	156	14592	-3972	616	2037
	-4624	-1296	18568	-1953	4125	2829
	-2344	180	14092	-4863	-461	2341
	-3360	-2776	15464	-2799	485	2500
	-2540	-1264	14320	-3926	-627	1053
	-4296	-1780	16228	-3384	1441	2125
	-3660	-3844	14896	-4597	3162	2762
	-5160	-2640	19804	-4238	-2761	875
	-2452	-1012	11312	-4862	-5427	-665
	-3892	-2276	16016	-1163	-2788	522
	-3168	-3224	15600	-3752	-2694	1367
	-2904	-2520	13180	-4876	2338	1670
	-4564	-3136	15744	-4089	1184	231
	-2440	-2820	15008	-3077	758	-15
	-1888	-3324	15400	-4668	-1734	1333
	-3528	-3956	15272	-4847	-2943	13
	-3876	-3152	14188	-5728	-3847	-1692
	-2528	-2836	13656	-3114	-651	355
	-3728	-3200	13364	-2334	-384	414
	-3520	-3616	13288	-223	2846	1401
	-3928	-3220	13044	-627	4094	1446
	-4108	-3408	13416	588	1801	8
	-5052	-3872	13260	656	178	-880
	-4356	-3440	12216	2918	863	-1536
	-4080	-3632	12656	3798	3537	-275
	-5356	-3152	14248	5142	3717	-791
	-4828	-3340	15992	5028	3155	-609
	-5508	-3248	15540	1876	-462	-2178
	-5076	-3212	15440	3089	-1352	-2672
	-5240	-3040	15632	1380	-863	-2146
	-5128	-2076	13864	885	-396	-2419
	-5228	-2444	14016	1589	-537	-2481
	-4632	-2356	14028	2216	-1551	-3376
	-4056	-1728	12564	3523	616	-1864
	-5452	-2432	16796	3852	2010	-1903
	-5064	-2104	15480	2911	5	-4024
	-3592	-1060	13792	4945	1733	-3826
	-3296	-2664	16500	5452	1958	-4309
	-2000	-4092	17572	3302	1757	-4451
	-1032	-3612	16424	193	1697	-2217
	-1336	-3648	14868	-798	1059	-2330
	-2204	-2820	15628	-1431	-1786	-1552
	-1548	-3036	13984	773	-1106	-2095
	-1144	-3600	16012	1176	696	-476
	-888	-3916	15932	955	964	-185
	-1344	-4716	16848	226	1400	283
	-1732	-3132	16912	-976	-700	709
	-2276	-3404	16528	-1632	-287	2128
	-2704	-3072	16900	-2428	-1182	2343
	-3008	-2248	14564	-3058	-794	2608
	-3672	-2820	15724	-731	853	3784
	-3212	-2952	15596	-1430	116	2865
	-2840	-3352	14664	-528	1651	3370
	-2700	-3396	14424	-309	2473	4032
	-2864	-3656	15276	-298	1582	4760
	-3264	-3476	15612	-1193	-394	4525
	-2436	-2628	14292	312	901	5284
	-3900	-2980	15520	-1349	1283	6089
	-3808	-3044	14756	-1141	294	5971
	-4396	-1928	14816	-998	-1162	5872
	-4732	-2568	16452	-365	-579	6359
	-4844	-1620	15480	-3277	-2129	5815
	-5076	-1240	14208	-1813	-2375	6025
	-5484	-1800	15488	-1653	-1344	6032
	-5636	-1604	15020	-2239	-161	6102
	-5644	-2392	15924	-2675	492	5798
	-5252	-2192	15332	-3884	-514	4838
	-4444	-2152	14348	-3460	-1928	4120
	-2852	-2252	14528	-1788	-957	5000
	-3604	-3116	17904	-3103	-2384	5904
	-4040	-3252	17788	-6428	-3518	6386
	-3940	-2552	14100	-6612	-1082	6891
	-4892	-2516	13860	-4179	932	5807
	-5276	-2164	13260	-2893	1274	6138
	-6024	-3612	14076	-917	5466	6149
	-5248	-3176	14132	-3606	4912	4563
	-4632	-2908	13856	-2696	109	4881
	-4416	-1876	10952	-1379	197	6056
	-6516	-2848	16352	1732	2366	7184
	-7820	-2692	17560	-3205	-895	5065
	-5656	-1788	13268	-2989	176	4039
	-4704	-1796	13260	70	2526	5629
	-5156	-1684	13912	1606	5453	6129
	-6888	-3900	18248	-411	3055	6523
	-6308	-1536	14628	-3690	-783	3575
	-6248	-1848	12208	-1906	3503	4544
	-5724	-1952	14748	874	4094	3748
	-6108	-2468	15356	-1450	569	2938
	-6744	-2292	13488	-2063	-850	2721
	-8012	-3292	15536	-1852	-1770	1562
	-6952	-3464	15384	-3620	-2893	137
	-5048	-2132	13156	-5691	-3656	611
	-6572	-3120	13160	-3529	-2137	1996
	-6308	-2496	13732	-3455	-1966	2128
	-6708	-2104	15152	-3327	-2802	2903
	-5976	-2648	13496	-3507	-1916	3579
	-7172	-4216	14812	-3245	-2288	1258
	-6644	-3432	13684	-5525	-783	-508
	-7108	-3332	13220	-3287	527	-3578
	-5172	-1080	10896	-2735	844	-176
	-6248	-3572	12552	303	5934	2102
	-6904	-4724	13920	199	8173	1274
	-7328	-4180	13716	33	6300	-1696
	-5300	-2940	12380	1563	2575	-2473
	-6128	-2928	12576	1499	3892	470
	-8300	-3892	14512	1579	2380	-29
	-7752	-3952	13836	-447	290	-1655
	-6748	-4416	12260	93	-192	-2513
	-8016	-2780	12348	1404	3676	-1254
	-8284	-4196	14316	1843	4067	-1861
	-6824	-3524	13540	1856	1641	-2530
	-6780	-2888	13816	3115	-225	744
	-8752	-3896	15260	2121	493	1054
	-8680	-4204	14692	-549	-1465	-1048
	-7736	-3256	12560	-800	-2560	-1820
	-7384	-2944	12416	2634	1056	515
	-7724	-4152	15028	2168	3096	63
	-6468	-4676	13496	1461	4781	-609
	-6468	-2932	12968	977	435	-135
	-8404	-3800	14416	3587	428	2103
	-8936	-3216	15688	122	1778	2468
	-8260	-2444	10604	-1020	2118	1807
	-9740	-3288	12496	4686	3786	-1062
	-8492	-2764	12128	2816	8267	-11
	-7780	-3372	12604	3908	11300	657
	-7480	-3108	13324	5942	10673	277
	-3664	-2948	9300	2108	8117	-139
	-10736	-1028	19328	6584	13117	1272
	-13252	-4816	14900	68	8120	-632
	-11332	416	9020	-7477	3709	-667
	-9380	-800	10272	2457	1295	2900
	-15480	-5176	5968	11533	-14620	88
	-10604	268	9656	17337	-731	-4404
	-9548	-284	15440	5241	5844	-1927
	-10420	-1752	12000	-2501	3166	-3634
	-8648	-532	3532	-45	16758	-12062
	-12764	-2604	8348	7957	25548	-4558
	-12412	-1200	9884	2438	11470	-8555
	-14112	-1408	8100	3049	8501	-4134
	-14620	-580	7332	-3763	353	-6187
	-12564	-3664	15288	-7320	-4026	-3124
	-11472	-1360	5292	-10536	-3666	-3241
	-12052	-5488	10556	-12837	-590	-1228
	-14028	-3492	15500	-12098	-6488	-194
	-9532	-7720	9752	-32768	-18525	-4105
	-12960	-5064	-312	-25664	3781	-692
	-10684	-4632	9956	-5024	5479	5400
	-12856	-1888	9192	-13110	-190	4688
	-13280	-6148	12612	-7065	-1997	6465
	-11764	-8592	8960	138	-1496	1544
	-12544	-6768	10932	2723	-2506	713
	-14044	-8048	11328	995	-6333	-2885
	-11900	-4292	5488	-2643	1260	-29
	-8544	-11672	5640	2144	2274	-1748
	-12104	-2700	8088	9845	9676	-2132
	-15152	-4432	7432	17878	12997	-12374
	-13920	-4868	13748	-721	7123	-4609
	-13956	-7624	11924	-523	6890	391
	-11296	-3552	-736	-4613	2336	-406
	-10428	-6472	11044	912	6096	-1867
	-11876	-6384	6812	1924	-799	319
	-13352	-5624	7696	-1908	-10663	3939
	-10816	-8788	10884	-577	-5092	3547
	-10620	-2236	-6488	3911	-5404	-1890
	-11904	-4476	4740	3246	-787	-1742
	-11072	-6160	11192	2636	-2188	-233
	-12456	-5176	10136	-110	-1367	2083
	-10688	-8456	9164	-1587	-3226	-366
	-11220	-5572	9000	-439	-3142	-2378
	-10816	-4440	9056	3952	688	270
	-9724	-6816	13512	4755	-1925	1726
	-10772	-6140	10388	4317	-4828	1200
	-12688	-6852	9216	1999	-5529	-1160
	-12748	-5520	12864	1365	-4860	-521
	-10992	-4968	9608	3604	-1960	-2135
	-10272	-5656	9252	2180	-5459	-1076
	-11228	-6228	8636	2085	-1045	-1919
	-11464	-7472	11012	1851	3773	-3540
	-19072	-13372	19932	12562	-255	-1565
	-10116	-4072	7600	9827	2920	4815
	-10832	-13896	14540	1164	4182	5379
	-11232	-5312	12948	-6210	4908	-2105
	-11844	-2680	10932	-5921	-713	858
	-9980	-2616	7512	-7180	1208	3725
	-11192	-5076	8404	-3216	-809	8626
	-9788	-6592	12996	2138	-6114	-3523
	-11332	-5272	3256	-3732	717	-2280
	-10580	-2784	2468	32767	15718	-22850
	-4440	9344	32767	9653	-32768	6815
	-14152	-13856	-15268	1061	-21980	10372
	-6408	1684	21548	-6352	14696	3820
	-5460	-376	4988	7482	-6376	-6697
	-6908	-1836	16096	-1284	17092	-1797
	-4036	-516	9092	13457	-4029	-2060
	-7092	-3356	10344	8704	7092	5728
	-11200	-5152	23008	8950	6293	2082
	-7304	-3144	14120	-4306	-11172	-2735
	-5308	-1800	6752	-309	-1656	831
	-15532	-6068	13252	12256	-5621	3837
	-8668	-1260	7112	11029	-3721	-6229
	-7228	1040	16756	5813	-1198	-4658
	-6368	1092	12524	9445	-7929	-2448
	-6936	1192	12032	4276	-9330	4300
	-4832	188	8308	14418	10741	4413
	-12740	-1976	24696	7414	7779	5656
	-7024	2840	15512	1842	-5070	1857
	-8820	3716	16432	16072	-5138	9358
	-5736	4796	14776	11343	11358	1865
	-11432	688	12368	3552	1751	4549
	-7340	2820	9304	9614	1215	6568
	-10600	1776	16584	1728	-1074	8187
	-14780	-1676	14032	-7242	-577	-1425
	-8268	2288	11340	-8435	-1305	-1582
	-8048	3520	9116	3713	5531	-2899
	-7868	2476	16680	2168	4677	-2039
	-6208	2068	14192	-1380	1006	-998
	-8940	4612	16156	4819	-2293	-1394
	-8192	212	10612	4527	-736	-3351
	-6844	2584	12244	770	6191	-3325
	-7880	3376	14724	3010	6843	-6092
	-5816	5256	10052	10746	-6381	682
	-7244	460	28428	-10475	7586	-6289
	-10560	3372	9116	12380	1225	786
	-8832	3552	12244	1975	6600	-5039
	-10452	2688	10720	3107	2823	-6909
	-10488	156	13592	-1342	312	-11501
	-10604	3724	3240	4124	3576	-14656
	-7636	5772	13424	13574	1136	-1810
	-9716	4060	13028	3794	1218	1003
	-7840	4840	13488	-6582	104	919
	-9348	4032	11108	-782	-2850	4109
	-10392	2416	11180	-3666	-2432	2521
	-8320	3916	12240	-5290	-1895	1002
	-9588	3256	12668	-1225	-6053	3280
	-11924	3152	12320	-1418	-3399	3615
	-9240	2856	10532	1415	4570	-57
	-7004	4644	12176	1782	2396	39
	-9624	2852	11956	6017	3742	901
	-10680	3668	14816	3406	3760	884
	-10360	3572	11404	374	4533	-682
	-8360	4308	11892	1197	3090	872
	-8968	4388	12368	1647	480	1986
	-11036	3064	11112	302	37	1741
	-10084	4284	10476	5149	2137	1262
	-10860	5160	12428	6007	2057	1488
	-11212	4284	13664	3091	1424	1635
	-9720	5088	11740	687	-6	1285
	-9504	4640	10652	2102	-236	1543
	-10748	4904	10848	1412	352	455
	-10628	5064	12220	-336	-78	-477
	-9328	6024	11184	785	-2183	-922
	-9408	5468	10940	1598	-4017	2113
	-10116	5212	10780	801	-762	485
	-10276	5232	11568	-349	-2	-355
	-9896	4324	10172	1017	686	-229
	-9548	5560	12004	1618	613	402
	-10620	5304	11756	-258	-163	-129
	-10512	4760	11660	276	37	-1503
	-9804	4680	11344	431	564	-507
	-9552	5408	11996	848	390	-34
	-9872	5856	10540	1103	470	-38
	-9832	5376	11592	3020	371	-507
	-9980	5184	12228	2407	-1917	-527
	-9836	5716	11348	3280	-3182	359
	-10124	5884	11132	3330	-2494	605
	-9852	5416	10576	2343	-1812	957
	-9484	5828	11300	714	1651	-462
	-8760	5840	10032	450	1210	-311
	-9836	5020	11000	1889	-360	-143
	-10400	6108	9164	-878	158	-204
	-10288	5348	11932	2172	829	-1087
	-8792	6200	11120	3040	-1450	-341
	-10680	7864	12180	-44	-1059	524
	-10688	6028	10000	2574	587	-960
	-8844	6852	10168	3056	-1516	-1312
	-8384	7224	11288	1934	-870	858
	-9596	6476	10956	-420	695	929
	-9888	6196	10912	-182	-918	582
	-10256	6496	12212	-1224	-3228	-1191
	-9692	8212	12104	165	-4267	692
	-10164	5344	6776	-2266	1055	-777
