	-220	-1180	15872	12	-20	-94
	-376	-1308	15976	-12	-18	-93
	-240	-1176	15792	-8	16	-106
	-300	-1232	15880	-26	-12	-94
	-284	-1104	16016	22	-29	-93
	-300	-1244	15804	-25	-21	-96
	-336	-1136	15748	-36	-8	-102
	-276	-1196	15808	-42	21	-95
	-184	-1124	15852	-6	-6	-93
	-348	-1148	15860	-36	-7	-100
	-288	-1196	15796	40	-9	-91
	-460	-1148	15832	-15	-4	-119
	-280	-1132	15840	-27	-1	-104
	-340	-1216	15712	25	-16	-93
	-228	-1100	15856	37	-31	-92
	-324	-1184	15816	-9	-22	-107
	-364	-1252	15888	-10	1	-98
	-364	-1160	15764	-12	-7	-99
	-280	-1164	15820	-30	-15	-97
	-272	-1188	15932	9	-27	-100
	-264	-1172	15888	-8	17	-134
	-332	-1184	15816	16	13	-97
	-236	-1228	16024	-29	-5	-105
	-328	-1152	15744	-16	7	-98
	-344	-1228	15836	27	-26	-79
	-312	-1140	15848	16	-10	-106
	-292	-1216	15792	14	-6	-89
	-300	-1076	15696	-23	-8	-101
	-384	-1304	15948	-10	-37	-105
	-300	-1184	15676	11	-3	-76
	-396	-1152	15732	1	-5	-84
	-340	-1136	15760	-4	-33	-74
	-324	-1192	15852	28	14	-89
	-356	-1172	15928	-10	-7	-93
	-368	-1192	15744	13	-11	-113
	-304	-1180	15884	-2	-40	-61
	-428	-1240	15844	-3	-31	-83
	-300	-1120	15724	10	-12	-74
	-308	-1212	15884	-18	3	-103
	-196	-1212	15940	-18	-19	-95
	-252	-1144	15976	8	-5	-101
	-352	-1204	15868	2	11	-88
	-328	-1128	15972	16	-20	-98
	-312	-1248	15848	-11	-9	-90
	-448	-1196	15840	33	-20	-87
	-280	-1208	15824	29	-26	-66
	-312	-1116	15956	-15	-3	-105
	-284	-1172	15816	-11	-16	-104
	-252	-1080	15872	20	17	-88
	-216	-1308	15684	-9	-1	-110
	-308	-1144	15912	5	7	-103
	-336	-1152	15792	-2	-22	-108
	-328	-1112	15824	-9	62	-94
	-224	-1256	15960	-10	-25	-118
	-356	-1160	15704	-7	19	-72
	-256	-1076	15816	-23	19	-99
	-312	-1212	15648	3	-11	-77
	-324	-1088	15828	6	-24	-81
	-300	-1276	15944	-33	-3	-99
	-220	-1308	15828	-25	1	-106
	-288	-1248	15864	-11	-2	-104
	-264	-1236	15692	-15	-18	-106
	-264	-1300	15764	-63	-2	-110
	-304	-1140	15868	6	-26	-91
	-376	-1228	15840	-11	6	-90
	-292	-1116	15828	-5	-2	-104
	-392	-1164	15864	-51	7	-102
	-324	-1192	15752	-13	-15	-103
	-372	-1120	15804	-6	-30	-124
	-252	-1152	15840	14	-9	-116
	-316	-1200	15764	-7	-25	-105
	-440	-1100	15908	-18	17	-108
	-436	-1228	15900	16	-2	-115
	-256	-1268	15804	-21	-10	-107
	-216	-1196	15900	-6	18	-113
	-416	-1196	15872	3	-3	-100
	-208	-1208	15740	1	-10	-101
	-332	-1208	15864	11	-12	-96
	-404	-1184	15944	-14	17	-59
	-348	-1196	15752	-18	-26	-100
	-348	-1200	15768	-20	-2	-105
	-280	-1220	15888	4	-3	-111
	-288	-1184	15852	-12	-3	-97
	-292	-1236	15800	-5	-18	-96
	-300	-1220	15872	-3	32	-93
	-372	-1200	15776	-1	-12	-98
	-312	-1232	15732	0	8	-113
	-272	-1260	15772	-5	-1	-83
	-296	-1160	15868	9	21	-118
	-400	-1172	15816	-5	-4	-96
	-240	-1144	15708	-1	-10	-94
	-272	-1176	15640	19	-35	-115
	-376	-1212	15832	-21	-11	-97
	-292	-1108	16012	14	8	-96
	-388	-1228	15796	-12	-13	-82
	-220	-1108	15776	-2	-19	-115
	-348	-1248	15848	-7	-26	-72
	-324	-1164	15780	3	-4	-111
	-332	-1132	15924	1	-1	-87
	-288	-1216	15784	-20	3	-99
	-400	-1168	15840	-5	-10	-84
	-304	-1196	15696	-16	-9	-91
	-340	-1140	15788	19	3	-85
	-196	-1260	15900	-8	-3	-84
	-260	-1232	15860	-21	-22	-113
	-344	-1104	15844	15	-22	-106
	-324	-1256	15856	-6	4	-100
	-268	-1160	15800	-29	-7	-110
	-412	-1252	15924	13	5	-94
	-380	-1124	15716	7	11	-87
	-308	-1296	15772	-13	-2	-111
	-404	-1196	15756	1	-27	-97
	-380	-1192	15896	19	-33	-102
	-264	-1300	15928	1	10	-98
	-304	-1248	15888	-7	2	-98
	-324	-1216	15964	10	-22	-74
	-368	-1208	15804	-18	-14	-89
	-344	-1260	15936	-14	14	-94
	-272	-1120	15772	-31	-16	-104
	-360	-1156	15800	3	0	-104
	-304	-1108	15716	11	-13	-89
	-376	-1124	15796	-12	-4	-101
	-320	-1164	15900	11	-19	-98
	-316	-1172	15756	-16	9	-100
	-308	-1200	15912	0	20	-99
	-260	-1044	15788	10	-13	-97
	-420	-1264	15828	-8	-26	-105
	-340	-1184	15828	18	-17	-98
	-352	-1208	15836	-30	13	-91
	-312	-1124	15848	-4	16	-125
	-308	-1196	15708	12	-19	-91
	-372	-1164	15828	9	-9	-114
	-296	-1220	15784	-5	-2	-81
	-224	-1192	15812	-49	-13	-93
	-404	-1188	15840	-34	-1	-111
	-212	-1136	15808	-18	-21	-103
	-328	-1140	15800	-18	-3	-97
	-320	-1148	15884	-19	-10	-88
	-312	-1080	15708	41	-16	-94
	-432	-1088	15748	-21	-20	-102
	-348	-1332	15948	-3	9	-96
	-360	-1196	15828	2	-4	-80
	-388	-1092	15808	-4	2	-110
	-376	-1136	15696	3	-40	-90
	-420	-1184	15888	-15	2	-110
	-332	-1072	15820	6	18	-107
	-144	-1436	15652	-40	31	-105
	-260	-1148	15844	-9	-10	-92
	-292	-1172	15872	21	-6	-110
	-244	-1224	15828	-41	13	-91
	-316	-1240	15664	-22	16	-112
	-292	-1068	15788	20	-1	-103
	-264	-1124	15852	-4	-2	-102
	-284	-1092	15800	-20	-10	-66
	-332	-1164	15984	-9	-11	-89
	-288	-1136	15800	-18	-11	-83
	-464	-1284	15844	5	-27	-85
	-296	-1140	15752	-47	-49	-105
	-360	-1220	15772	-12	-10	-104
	-276	-1224	15732	18	4	-94
	-360	-1228	15836	-6	-13	-116
	-316	-1136	15952	-8	-8	-94
	-340	-1104	15936	16	-13	-107
	-520	-1100	15828	-1	23	-115
	-264	-1120	15776	-10	19	-113
	-240	-1292	15836	-18	-12	-105
	-296	-1112	15988	18	-30	-96
	-332	-1208	15804	11	4	-94
	-292	-1184	15884	9	-9	-107
	-264	-1272	15784	-32	-27	-110
	-284	-1272	15860	-2	50	-78
	-288	-1112	15800	-5	12	-102
	-472	-1232	15816	46	7	-90
	-320	-1188	15856	-13	-16	-118
	-324	-1336	15776	-24	-4	-108
	-264	-1184	15740	-26	-7	-99
	-244	-1112	15880	-29	-3	-114
	-268	-1144	15808	-13	-2	-112
	-300	-1220	15912	2	1	-106
	-332	-1232	15912	-18	4	-77
	-352	-1064	15752	15	-2	-100
	-368	-1160	15704	-11	-11	-82
	-364	-1128	15964	-40	30	-101
	-304	-1200	15844	17	-12	-105
	-408	-1228	15832	-6	-15	-72
	-376	-1236	15840	4	-17	-80
	-336	-1148	15836	-2	-7	-84
	-344	-1220	15892	-23	16	-110
	-252	-1172	15876	-3	14	-108
	-256	-1180	15792	18	-32	-76
	-536	-1252	15824	-36	-3	-113
	-324	-1124	16044	-20	-28	-75
	-372	-1252	15684	-23	1	-113
	-312	-1204	15816	-12	-36	-112
	-344	-1136	15752	-31	20	-77
	-380	-1144	15920	-11	-3	-89
	-348	-1200	15892	-26	-29	-91
	-420	-1208	15708	-15	9	-95
	-340	-1220	15992	0	23	-128
	-268	-1164	15852	-15	9	-98
	-364	-1196	15916	-7	-21	-91
	-380	-1196	15748	2	-39	-72
	-380	-1232	15800	17	-14	-111
	-300	-1216	15752	-12	-1	-108
	-360	-1180	15716	21	-9	-96
	-184	-1144	15772	-45	-6	-108
	-368	-1232	15932	12	-30	-107
	-268	-1124	15760	-26	-4	-86
	-320	-1108	15788	1	9	-86
	-128	-1244	15860	26	-18	-85
	-316	-1160	15784	-21	9	-104
	-232	-1140	15880	-6	-21	-101
	-316	-1224	15812	-3	13	-88
	-384	-1188	15916	40	-15	-100
	-240	-1192	15832	-15	-12	-81
	-344	-1208	15796	-25	-9	-116
	-400	-1200	15872	-7	-2	-102
	-312	-1296	15908	7	8	-101
	-312	-1228	15832	18	-31	-94
	-368	-1144	15784	2	-16	-101
	-356	-1252	15948	-19	-42	-106
	-452	-1136	15624	-29	3	-100
	-360	-1184	15668	9	-21	-94
	-332	-1276	15820	-25	27	-66
	-240	-1120	15824	-6	-6	-118
	-188	-1320	15812	-39	-14	-113
	-340	-1184	15852	2	-52	-92
	-376	-1176	15876	-13	1	-119
	-300	-1148	16044	-13	-5	-99
	-192	-1184	15860	3	-26	-90
	-300	-1140	15900	11	-1	-98
	-260	-1144	15804	-9	-11	-115
	-320	-1128	15804	10	-22	-96
	-332	-1196	15768	-29	-6	-86
	-364	-1260	15768	-7	-43	-91
	-296	-1248	15660	-10	-22	-103
	-420	-1164	15744	4	-21	-85
	-288	-1248	15696	-15	-13	-105
	-328	-1208	15728	9	-13	-99
	-388	-1172	15844	-10	-7	-118
	-300	-1180	15808	12	13	-94
	-240	-1300	15844	-24	-1	-113
	-216	-1224	15780	4	-19	-99
	-316	-1172	15900	-14	13	-102
	-424	-1240	15904	-9	-2	-91
	-288	-1220	15788	-11	-29	-107
	-272	-1172	15880	1	11	-107
	-400	-1200	15832	-22	26	-97
	-368	-1184	15964	40	-12	-94
	-304	-1244	15876	-19	-21	-103
	-300	-1140	15940	16	-1	-104
	-264	-1208	15724	-4	16	-119
	-380	-1236	15812	23	21	-121
	-236	-1200	15880	-42	-14	-104
	-376	-1136	15884	-22	-19	-118
	-352	-1212	15792	-18	4	-73
	-388	-1172	15944	7	8	-109
	-284	-1228	15840	27	-18	-83
	-384	-1156	15796	5	-10	-115
	-244	-1192	15872	-2	-27	-97
	-352	-1320	15900	12	8	-102
	-220	-1152	15836	9	19	-98
	-320	-1244	15780	48	10	-109
	-308	-1120	15740	-12	-14	-97
	-252	-1168	15680	-1	-9	-95
	-356	-1148	15900	7	-29	-93
	-264	-1164	15828	-1	-9	-74
	-296	-1096	15800	-2	9	-105
	-320	-1188	15860	-1	7	-96
	-288	-1160	15740	-26	-4	-105
	-332	-1168	15812	-10	-25	-73
	-428	-1288	15856	-34	-1	-97
	-312	-1180	15868	4	-22	-98
	-180	-1172	15792	-16	-9	-90
	-376	-1172	15888	1	15	-122
	-352	-1136	15768	8	1	-110
	-312	-1192	15768	-6	-11	-102
	-380	-1144	15764	-1	16	-107
	-320	-1296	15776	-19	-5	-101
	-284	-1160	15940	41	-16	-93
	-324	-1168	15640	-27	14	-91
	-320	-1176	15948	-19	2	-89
	-328	-1224	15800	1	-23	-85
	-352	-1376	15992	4	17	-122
	-368	-1252	15912	2	-20	-99
	-332	-1244	15812	-13	-4	-69
	-248	-1212	15800	4	-15	-75
	-248	-1352	15716	-20	-5	-97
	-320	-1244	15948	14	-19	-80
	-420	-1148	15888	-18	7	-99
	-280	-1208	15792	-23	-3	-92
	-272	-1112	15828	-14	12	-110
	-400	-1128	15916	-4	-12	-118
	-444	-1168	15888	10	-18	-112
	-320	-1204	15728	-20	-15	-85
	-368	-1244	15792	-2	-17	-123
	-292	-1212	15708	-48	10	-85
	-208	-1152	15724	-27	15	-82
	-304	-1164	15884	25	7	-104
	-400	-1152	15868	-2	-1	-101
	-220	-1100	15744	-8	-15	-89
	-272	-1260	15836	1	-6	-105
	-348	-1260	15800	-33	17	-132
	-416	-1184	15864	-3	30	-82
	-360	-1260	15900	1	0	-77
	-372	-1176	15812	-13	4	-77
	-312	-1160	15748	8	-4	-101
	-320	-1164	15868	-51	-1	-101
	-292	-1124	15980	-18	-6	-109
	-368	-1256	15896	19	-8	-69
	-300	-1220	15876	-45	-21	-114
	-308	-1348	16024	-21	-6	-94
	-276	-1208	15652	-15	-3	-90
	-300	-1136	15860	3	4	-94
	-336	-1192	15820	3	-25	-100
	-304	-1204	15764	-31	5	-106
	-344	-1100	15972	6	-11	-105
	-360	-1280	15876	5	-3	-101
	-340	-1148	15868	1	18	-100
	-272	-1156	15816	21	-15	-98
	-280	-1048	15648	-8	-7	-75
	-440	-1208	16008	-13	-17	-97
	-364	-1144	15888	-8	-7	-96
	-372	-1296	15848	-11	1	-67
	-428	-1228	15872	-33	10	-88
	-364	-1272	15968	32	4	-100
	-256	-1220	15840	1	-27	-96
	-288	-1200	15768	-6	-29	-104
	-300	-1236	15836	3	-22	-104
	-296	-1304	15788	-29	-4	-84
	-340	-1192	15804	-5	-30	-85
	-336	-1204	15904	-37	-22	-69
	-336	-1120	15836	3	-28	-93
	-248	-1288	15672	-35	-4	-81
	-236	-1188	15924	0	-1	-111
	-232	-1048	15860	10	-11	-76
	-284	-1224	15788	-36	17	-117
	-316	-1260	15928	-18	-38	-71
	-312	-1184	15824	20	-9	-97
	-344	-1268	15828	-16	0	-94
	-248	-1152	15824	-5	-32	-75
	-252	-1124	15828	-22	22	-102
	-304	-1224	15884	-2	-11	-101
	-360	-1140	15816	25	-11	-106
	-232	-1100	15864	-3	10	-100
	-324	-1296	15948	-16	-9	-82
	-352	-1268	15768	-12	-30	-93
	-336	-1308	15836	16	-8	-91
	-404	-1120	15756	9	9	-110
	-380	-1176	15836	-7	-23	-109
	-292	-1208	15996	-9	-9	-115
	-316	-1224	15980	9	12	-107
	-356	-1092	15780	-4	1	-87
	-384	-1212	15936	34	-39	-77
	-304	-1116	15864	2	0	-84
	-196	-1144	15832	-15	4	-90
	-256	-1208	15828	-10	-32	-81
	-240	-1104	15776	-24	6	-111
	-196	-1176	15784	15	0	-86
	-448	-1180	15736	-2	-19	-124
	-380	-1252	15812	-6	15	-103
	-344	-1232	15848	-1	15	-97
	-344	-1072	15864	11	-4	-105
	-356	-1108	15744	6	-12	-82
	-296	-1292	15872	-12	-4	-108
	-276	-1176	15848	4	-8	-87
	-276	-1148	15764	-19	-7	-95
	-300	-1204	15768	21	-7	-113
	-300	-1268	15760	-27	-7	-88
	-300	-1232	15744	0	17	-112
	-280	-1116	15868	19	20	-91
	-388	-1232	15784	14	-6	-94
	-420	-1176	15768	-43	-12	-98
	-260	-1192	15716	-19	-13	-109
	-360	-1112	15940	12	1	-93
	-432	-1312	15764	-16	-7	-102
	-236	-1204	15736	15	-5	-101
	-264	-1116	15904	-25	20	-119
	-360	-1208	15792	27	-33	-77
	-320	-1172	15764	-15	-5	-104
	-320	-1184	15652	31	-20	-88
	-328	-1188	15696	-39	-13	-106
	-288	-1168	15996	-16	18	-102
	-264	-1140	15952	-6	0	-91
	-372	-1200	15960	2	-26	-103
	-276	-1172	15656	1	-5	-93
	-292	-1200	15764	-12	-7	-100
	-276	-1164	15880	-24	9	-121
	-368	-1124	15864	17	-9	-99
	-256	-1156	16048	19	-14	-84
	-312	-1192	15852	-25	7	-85
	-320	-1064	15896	-6	-23	-125
	-212	-1184	15836	-13	11	-102
	-284	-1208	15944	12	-31	-90
	-380	-1308	15736	3	-19	-94
	-368	-1284	15872	-3	3	-92
	-428	-1172	15936	6	2	-108
	-236	-1304	15864	-7	-3	-101
	-320	-1252	15892	21	-29	-84
	-308	-1108	15656	0	-18	-104
	-308	-1172	15944	-25	49	-97
	-380	-1180	15892	-1	-33	-100
	-248	-1112	15784	-10	1	-100
	-284	-1148	15760	-46	8	-101
	-248	-1160	15812	-55	13	-115
	-416	-1228	15860	-17	-29	-93
	-420	-1192	15872	-26	-21	-88
	-176	-1192	15916	1	-23	-93
	-528	-1208	15772	-32	12	-108
	-324	-1232	15828	-17	15	-92
	-344	-1200	15852	-1	26	-92
	-292	-1212	15888	-2	1	-104
	-352	-1196	15800	-8	-8	-89
	-296	-1248	15820	13	-23	-99
	-300	-1160	15852	-7	6	-104
	-360	-1188	15716	2	-9	-91
	-264	-1300	15760	-35	-5	-107
	-344	-1124	15832	18	-23	-96
	-292	-1168	15988	34	-37	-93
	-180	-1168	15708	-13	-8	-89
	-240	-1188	15884	-11	-27	-98
	-288	-1160	15792	3	-19	-98
	-356	-1260	15588	-25	25	-105
	-364	-1196	15900	-5	-10	-90
	-312	-1172	15820	-9	12	-107
	-360	-1192	15880	-13	-1	-84
	-296	-1144	15916	-22	-5	-91
	-288	-1228	15960	8	1	-90
	-332	-1140	15928	-20	5	-84
	-300	-1268	15720	-18	-9	-83
	-296	-1164	15764	-12	11	-111
	-272	-1332	15820	-1	-11	-111
	-308	-1196	15884	-1	-1	-94
	-288	-1264	15752	23	-18	-84
	-324	-1256	15908	-7	30	-110
	-376	-1240	16072	27	5	-124
	-260	-1164	15848	2	-1	-85
	-340	-1180	15768	-7	-10	-103
	-272	-1188	15800	-4	-17	-86
	-312	-1220	15956	-14	-8	-114
	-388	-1212	15868	24	2	-97
	-344	-1136	15772	3	12	-101
	-292	-1256	15764	5	-8	-94
	-352	-1232	15800	-48	1	-66
	-356	-1120	15844	4	17	-107
	-284	-1332	15748	-13	-8	-72
	-352	-1192	15804	-6	-12	-76
	-268	-1136	15744	-17	-39	-85
	-448	-1196	15772	-18	15	-111
	-372	-1224	15856	-20	-16	-108
	-356	-1152	15816	22	-2	-105
	-316	-1288	15816	-13	2	-76
	-352	-1208	15924	-41	-8	-111
	-200	-1188	15752	-14	12	-111
	-324	-1192	15784	-31	0	-114
	-316	-1192	15824	0	-12	-102
	-392	-1252	15820	38	2	-85
	-368	-1304	15732	-21	-21	-92
	-384	-1148	15864	-22	-2	-93
	-376	-1176	15704	-20	-11	-79
	-492	-1196	15952	-6	1	-112
	-392	-1220	15696	-47	-1	-110
	-344	-1208	15924	21	20	-114
	-276	-1144	15808	-29	-3	-81
	-312	-1156	15744	20	7	-87
	-340	-1296	15768	-13	14	-95
	-336	-1132	15956	63	-34	-74
	-300	-1268	15784	-2	-28	-93
	-352	-1236	15724	4	1	-90
	-288	-1172	15804	22	-43	-89
	-236	-1140	15968	-26	-1	-97
	-280	-1208	15856	-27	-2	-83
	-188	-1216	15916	-17	33	-104
	-320	-1296	16036	422	-398	-48
	-92	-2480	15448	-242	72	-99
	-104	-1340	15492	-369	120	-159
	-432	-996	16048	-162	51	-110
	-352	-1068	16188	-11	-2	-83
	-196	-1220	15788	-119	-18	-96
	-320	-1272	15820	187	-56	-72
	-440	-1252	15864	6	-33	-119
	-324	-1016	15628	-121	43	-137
	-244	-1208	15980	-90	-76	-97
	-384	-1140	15784	-6	59	-115
	-340	-1172	15888	21	-16	-91
	-360	-1136	15928	3	-27	-74
	-436	-1204	15884	-33	-19	-92
	-324	-1056	15832	-32	-12	-102
	-320	-1364	15888	56	-9	-74
	-300	-1184	15776	38	-13	-78
	-332	-1316	15868	23	-9	-116
	-316	-1164	15816	-19	-21	-70
	-304	-1296	15744	-27	8	-99
	-336	-1124	15852	-54	-16	-104
	-312	-1160	15660	27	-24	-70
	-360	-1284	15824	-32	-11	-108
	-332	-1228	15816	-28	-4	-98
	-312	-1260	15776	-11	-24	-119
	-320	-1212	15960	10	-12	-86
	1136	-1364	11852	-1737	-68	-322
	-604	-1176	16480	1539	-319	86
	-604	-1196	16552	-293	7	-159
	-136	-1368	14884	274	-19	31
	-384	-1016	15076	61	215	-118
	-240	-1352	15936	43	138	-118
	-264	-1300	15936	-93	2	-109
	-340	-1228	15736	33	31	-89
	-452	-1104	16016	-70	0	-76
	-888	-1132	16112	27	10	-12
	1692	-148	19776	54	650	-3646
	-844	-1872	13116	-1999	-183	4935
	-1052	-1560	15176	-537	-374	-574
	-1724	-5296	15496	-478	-221	-1052
	-3500	-8120	15612	891	-199	-17141
	-536	-1092	15108	-1604	782	667
	-1164	-2940	13380	-1127	2966	1842
	1168	-1564	15196	-3605	4228	5875
	-16136	-12832	32767	32767	5214	3809
	-1456	924	17784	349	2618	1396
	-428	-4236	16584	3271	1207	612
	-600	-1572	15748	2436	1321	-93
	-2496	-3320	15676	1234	3593	-1508
	-1988	-1324	15288	2786	4271	-8775
	-520	-896	15252	3688	949	-1239
	-2092	-1308	15968	10562	2742	-1539
	-1760	2796	15156	5746	827	-2035
	-2288	2288	16064	3462	964	427
	-2264	-1860	15816	4204	3848	719
	-1844	916	16840	5483	2309	-7499
	-2164	2020	15280	2398	227	-4061
	-2700	36	16736	8641	682	-1735
	-2328	4700	19752	7011	-3645	766
	-864	-2112	8888	-503	-2376	629
	-1916	1484	15416	-843	3936	2349
	-3504	2668	19812	917	5194	5167
	-2980	1864	19316	492	-2384	3582
	-2224	-1916	13384	-2639	-9411	2066
	-1076	3212	14016	-1075	-5049	-638
	-1744	1040	12732	-2215	719	1288
	-1656	1684	17064	1285	706	2558
	-1704	88	16452	868	524	1071
	-2004	1412	16400	-623	-1540	-2935
	-1640	2980	17232	-1424	-2575	-3272
	-1600	2032	15412	-601	-1209	248
	-1444	880	15392	122	-14	-110
	-1792	1748	16076	-82	782	-1071
	-1692	1376	15552	-1409	-24	-231
	-1568	1868	16424	435	-334	18
	-1552	1216	15344	792	856	661
	-1880	1304	16336	-247	284	763
	-1564	1340	15188	-735	317	785
	-1692	84	14892	-872	151	-1333
	-1428	920	14980	-783	1859	-2506
	-2236	1168	18420	-1063	2655	-587
	40	3608	19980	2611	-1223	7824
	-3260	-11652	11716	362	-14402	-15696
	-1340	5792	7632	4948	-2397	4349
	-1220	-76	14848	142	-368	-3540
	-1260	3952	16752	-190	-1378	1127
	-844	376	16528	-748	-3468	-575
	-380	516	13452	-1038	-3685	299
	-356	1308	13044	-1208	1983	-662
	-1228	1688	19796	-146	3601	101
	-588	1148	16492	-410	-2267	869
	-588	2144	11864	-431	273	460
	-948	-1020	15696	-45	2740	-1312
	-1056	2020	16380	1354	4282	-1791
	-1108	700	17912	673	154	-1781
	-1396	1460	17400	819	-1019	-836
	-1112	1904	13340	1466	813	-695
	-964	2636	14004	1251	2946	-624
	-1620	632	14880	940	6528	280
	-1740	1788	18188	618	3829	492
	-2028	1540	16184	816	749	-668
	-2536	1804	15144	1293	349	-1859
	-2360	1376	15072	4084	2694	-1132
	-2320	2708	12976	6017	7791	-3654
	-976	1516	16436	6088	635	442
	-2036	7164	22372	1629	-3076	-2513
	-2996	1140	14464	-4679	-1130	-3002
	84	-9596	24772	-1508	-4934	-7835
	-2836	15452	10140	-1890	-1070	-5578
	-1736	4880	21680	936	-1811	-4
	-1788	792	10044	-2049	-670	1070
	-2364	288	13256	-2687	4692	1184
	-2636	2548	16372	1962	4274	435
	-2564	1792	16736	630	-794	-823
	-2308	808	14788	-282	-950	1089
	-2440	760	15304	-1284	-2013	-383
	-2336	1588	18072	-1696	-2909	891
	-1996	892	14848	-1005	-2097	818
	-1760	1572	13716	-118	-626	946
	-2136	1540	17876	2848	2568	3655
	-1248	-2232	15856	491	-1993	1872
	-1756	-484	16256	-937	-7730	1393
	-1656	2364	15820	-165	-3625	-770
	-1700	1272	16624	-364	-7799	-790
	-640	2340	17136	-404	-9524	-130
	-636	1956	17952	-1380	-14708	1247
	204	1452	15360	-469	-14944	2819
	1040	336	6896	674	-4985	1267
	2340	3560	16256	-1876	-3446	-302
	1520	1072	13428	250	817	389
	2168	880	14572	525	3099	-838
	1480	688	11100	1296	10544	-1814
	588	1464	15436	896	14584	-2889
	-48	1712	17504	1150	11416	-1029
	-192	1992	18516	705	8167	-245
	-920	1172	17744	658	3030	-797
	-720	2020	19052	675	-232	580
	-1176	3788	13980	1086	-768	1305
	-640	196	15068	1379	3758	346
	-544	1352	18588	265	1918	906
	-2380	2212	13848	-989	387	31
	-2456	3264	21104	1149	3618	1451
	-1584	1480	19484	1035	501	1336
	-1684	532	20784	228	-1329	-321
	-1820	2768	19872	-210	-1854	620
	-1720	2444	21488	690	-3598	1311
	-1208	1832	18584	-577	-8414	1799
	-1024	828	15104	-2485	-9352	581
	-964	2852	16776	-1075	-7994	543
	-376	1728	17792	-328	-8642	1152
	376	1964	15024	-3659	-12676	2488
	1284	716	15792	-3899	-11853	1680
	1788	1796	18168	-1930	-15513	2344
	3452	2064	16928	-1328	-18456	2632
	3572	-1908	19216	-1831	-25706	748
	3148	3368	25916	-3233	-32768	1184
	5196	4012	20304	1302	-32768	8226
	6976	-10340	22252	-4855	-32230	-5203
	7284	5548	21192	2664	-32768	1712
	2072	-1504	32364	-7949	-32768	-1575
	9496	-8964	9632	-882	-32768	3162
	12072	2020	4636	-1030	-32768	-1233
	12824	-72	-672	-1670	-32768	-1068
	12588	-1980	-1976	2354	-31251	-4903
	11904	2204	-6604	3013	-31007	-4496
	11492	496	-8608	4658	-22535	-5835
	13880	3952	-1984	-517	-17495	-2708
	12416	3604	-3988	1143	-23576	5099
	7096	3480	-10756	433	-21853	2436
	10200	6280	-18624	-2334	-26607	8341
	11348	-4392	-15324	-92	-24577	8467
	11612	-4072	-10568	-2863	-15900	-3065
	5844	6072	-10236	-1708	-26736	9144
	4612	-2808	-16168	2619	-19566	8573
	2636	-648	-19936	2230	-10511	3132
	272	1044	-22340	1402	-3364	1672
	416	-596	-24760	4441	15758	-1296
	1408	3336	-26432	9292	28332	153
	-424	-2180	-32124	13471	32767	-172
	-972	4000	-16952	7914	32767	-2843
	-6872	-1944	-14728	20786	32767	8136
	-1956	-5352	17184	16371	32767	10429
	4952	5032	1252	5490	32767	6118
	-1404	4856	9572	13032	32767	31642
	-4548	-13292	28472	22466	32767	13052
	1440	-1424	14380	-451	21595	-22767
	-4436	5308	324	12701	32767	16008
	-5332	-7624	32767	3164	32767	8896
	-4776	5512	328	5416	28152	1418
	-7936	8300	13796	18043	32767	9983
	-9928	-588	32560	18454	32767	9588
	-8124	-3208	32767	2850	14681	9778
	-7276	-8692	12200	-6031	-8296	-3688
	-9088	5544	4664	9427	25902	-1626
	-11824	4280	32767	547	15859	-301
	-11332	-1428	32767	-109	-14039	1816
	-10592	-1136	20416	-1674	-18386	-1770
	-9492	-2512	27672	-984	-26228	-5801
	-8560	-2024	24176	-5053	-32768	-13269
	-9284	4408	24216	-9102	-32768	-11654
	-8888	2668	22036	-8011	-32768	-3148
	-3844	-2484	4416	-9829	-32768	-14216
	1096	2020	13664	-252	-32768	-3472
	-712	-708	21756	-3297	-32768	-6929
	1364	-7960	10408	-6345	-32768	-3145
	-116	3044	9896	83	-32768	-16445
	4656	-4024	532	7516	-32768	-13667
	8768	-1340	-1208	-3172	-32768	-12668
	10768	5732	3540	5049	-32768	-7962
	10200	984	-576	882	-32768	-9661
	10856	5096	-1948	4007	-32768	-5252
	900	3452	9816	1044	-32768	542
	6164	-1628	-32768	6137	-20374	3979
	13832	3392	-9084	745	-20283	4709
	12440	1840	-16168	2591	-10309	6148
	11972	-240	-7648	2336	-12567	5226
	10456	-588	-19056	3306	-8572	5026
	11376	-2544	-10880	104	-6970	5403
	9952	-2140	-17668	1204	-7119	2290
	9028	1368	-24000	8939	6409	-1861
	9372	-1216	-20904	4069	10851	-800
	10376	-3408	-22976	3888	18954	1640
	10880	-3576	-21060	-2760	23733	50
	7976	792	-32768	5829	32767	-6953
	8420	5848	-8936	11213	32767	-2660
	10088	-2676	2492	-4886	32767	4904
	9432	396	540	2633	32767	-10276
	2780	5888	-15464	1312	32767	-472
	2000	-15920	26988	-4269	32767	13449
	6712	5344	32767	2508	24877	-3618
	3428	8484	-23624	9348	32767	-9180
	-284	-3412	4684	3020	32767	1098
	-2696	-5272	21068	-3961	32767	2382
	-10640	5044	32767	394	32767	628
	-1528	1948	5628	14496	13086	-6372
	-1464	1432	-4040	12269	32767	3075
	-5268	1448	14340	-1887	32767	5429
	-8924	-64	31104	-4126	32767	158
	-8448	5460	21412	7831	25461	105
	-8148	3836	3696	4502	28484	1265
	-12944	-224	23280	1111	32767	6322
	-14856	9004	28016	-2562	27117	9470
	-13540	4600	29372	7058	-10	1430
	-11892	1928	12996	9735	-981	-2124
	-12224	4204	21420	1951	-4638	-3214
	-14056	8472	31748	4035	-8780	150
	-15048	2548	28116	4917	-32768	-1220
	-10024	144	14132	-579	-32768	-8304
	-6828	9028	27540	-9635	-20848	304
	-13160	-568	32767	-10522	-32768	5474
	-11688	-6776	524	3901	-32768	-18983
	-3184	17992	2060	-5782	-26043	-2725
	-1240	5396	32767	7825	-15875	12868
	-5176	2420	22048	-16139	-32768	12664
	-944	-7860	7032	-11844	-32768	2108
	3924	356	14020	6896	-32768	-7536
	3924	-312	-5964	-4805	-32768	-3812
	7360	-3088	3396	-12205	-32768	2822
	8092	-708	-2536	-5751	-32768	-4475
	7140	248	-1552	2028	-32768	-6840
	6868	7124	-21792	-2224	-32768	-6325
	11796	2208	-17936	2393	-21574	-3101
	13300	1548	-1472	1154	-29033	2097
	10340	272	-19164	-3782	-20301	4670
	14080	-1272	-8876	1392	-11835	1198
	12520	-1416	-11252	3593	-13821	50
	11228	3212	-16208	1322	-7274	773
	11756	2868	-12636	-4498	-12685	6228
	12044	-2336	-12564	-284	-6670	1385
	12300	-1792	-18480	1888	-1513	2009
	10708	-1112	-19468	937	-534	-1777
	9464	1744	-25560	862	10496	-3512
	11708	1564	-19728	1462	15049	-3494
	9816	3648	-32768	7738	27649	-3942
	8984	708	-14312	1915	32767	-1153
	7564	-2964	-15832	-5197	32767	445
	3164	-4912	-13984	5834	32767	-2835
	1480	-1076	4692	32767	32767	-24192
	5272	8276	32767	-5991	32767	-16562
	1208	-6700	-2028	-8544	25674	-9159
	1240	6956	-6204	-6963	32767	-1690
	2756	1172	14724	13952	32767	1255
	5548	-7652	18440	4232	32767	-9645
	908	-1592	9900	-20210	32767	-11592
	-3084	6552	9336	-6790	32767	-5821
	-8012	9268	23228	9695	32767	-4897
	-3804	748	14188	10356	32767	-3010
	-4712	-1040	10584	-8229	32767	-5442
	-10112	4240	12784	-2675	32767	-4802
	-13232	3704	23112	-3148	32767	-5479
	-11900	8296	26404	315	26116	-384
	-11720	3400	26920	1538	14392	2262
	-12280	1408	20000	-500	1436	-2126
	-12980	5104	16588	-913	6581	-4391
	-13748	10408	26472	-2422	1135	910
	-13160	5356	23852	3997	-8560	4616
	-12004	7312	25160	-711	-13134	6873
	-13112	4184	32767	-12161	-32768	5937
	-12892	6196	20608	-12230	-32768	20
	-9224	3964	16772	-1078	-32768	4133
	-8096	-4864	26404	-10607	-32768	849
	-5896	4080	11928	-9892	-32768	-6519
	-3396	6744	17616	-1317	-32768	2570
	-6596	628	24356	-6185	-32768	2610
	-1636	5804	-748	-10103	-32768	2234
	4952	-3456	6944	-7072	-32768	4975
	3116	-5768	12420	3930	-32768	-3823
	4580	-2792	-1784	3606	-32768	1719
	8116	356	-9520	-4898	-32768	-2249
	10108	-596	-4876	8435	-32768	-2292
	10872	92	-4972	2556	-29787	-676
	9552	216	-9300	1115	-32768	1531
	11616	-1092	-8912	5510	-13713	4778
	13232	-7380	156	831	-24387	1741
	10300	1456	-23820	-1775	-19552	3668
	13140	-2804	-7388	-2028	-7090	7582
	12380	-3664	-10984	166	-7053	2786
	11460	-1820	-16900	4128	-3797	1478
	11944	-2568	-16704	50	-1136	2179
	11652	-2696	-22228	1502	4393	-490
	13992	-2900	-10844	6466	10091	-2634
	13288	-1552	-15128	5916	6312	-5169
	11088	-1244	-24008	7934	14389	-3883
	7864	-5936	-31400	2177	29120	-1489
	8456	-5908	-3700	16994	32767	-11192
	9508	-4308	-2624	16492	32767	-18163
	5396	-4820	-20252	-7711	32767	-12960
	-1056	2064	-7488	-14030	32767	-8122
	-5264	1152	1880	8470	32767	-14091
	3064	176	32767	8737	32767	-17688
	5092	148	624	-7884	-7087	-15461
	3308	6376	-12672	-17033	15952	-7778
	348	7148	10276	-12768	32767	-13
	2188	4956	32767	7632	32767	-1410
	4900	-1680	13348	-5001	527	-540
	4180	2868	10636	-9202	4152	-2683
	5852	7612	19552	-233	16016	-1606
	7856	3288	23796	5284	7212	989
	5476	-384	16272	378	113	-787
	4852	5720	9284	-364	7082	-3183
	6008	5400	22808	4592	11464	-391
	5624	-3512	19784	2595	4235	-4204
	4528	7816	19824	-690	1877	-1541
	5796	2316	17664	2414	5167	889
	6436	-544	20416	2373	2593	-2628
	6056	1008	18900	-747	-1974	-1516
	4524	3900	12328	-3331	-3504	-4535
	4268	5980	8540	2220	2472	-328
	5016	956	9228	2770	5219	-1081
	3940	-140	5204	-1831	6102	-2154
	2140	4392	8276	-2570	13540	-6971
	2120	800	15156	-981	12012	-1145
	2560	1292	7036	162	10235	-1672
	-1184	-3860	8508	-7832	15996	-6995
	-2612	6724	15396	-6458	20444	-6151
	-1832	3512	26136	-767	17223	-3642
	-2340	-2172	14036	-3799	3425	-761
	-8112	632	16964	-7638	16306	-5136
	-3868	10696	8744	-19483	-18839	3436
	-408	6624	32767	20915	32767	-6336
	824	-2796	-3784	1623	-4618	3644
	-2424	1936	6932	-3465	10335	-2091
	-2576	548	-32768	1515	-20668	1023
	-1292	788	32767	11447	-3150	5672
	-872	4764	15816	-2054	-1704	-2335
	-4080	-2460	18260	-3242	-2667	-694
	-756	-204	14872	-568	-864	-1370
	-2128	-2396	15116	-1887	-610	-1178
	-632	928	14996	-699	-2493	510
	-572	828	16156	2191	-786	-1067
	-1044	1584	15792	-466	-916	278
	-960	-1084	15896	161	-238	-753
	-352	1612	15796	2203	442	-674
	124	-1120	15632	3957	1752	677
	-776	748	16916	1049	-446	-1139
	-1540	-468	14508	938	-493	-1637
	-1544	1604	19652	3432	626	-587
	-796	-88	14772	3341	-2104	-789
	-676	756	14228	2408	-66	-1650
	-1316	-972	14532	2285	2523	-1094
	-1968	1888	10852	-742	6293	-2868
	-2248	252	17940	4828	7066	-1883
	-2296	1272	16580	5204	248	-3210
	-1840	4472	13304	5059	1631	-620
	-1012	-12940	10008	-389	234	-10590
	-2344	11344	14268	6864	7507	-6821
	-3012	3876	19576	2844	4455	-6277
	-2800	1764	7412	1740	4294	731
	-4084	4900	17720	6640	14035	4133
	-4524	404	19512	1715	5902	286
	-8780	5896	32767	-2000	8591	-2364
	-2004	-4980	10208	-9733	7195	-5714
	-5284	5008	14836	-2600	-1756	1103
	-2516	4596	15068	-6139	-1861	2170
	-5328	3116	16852	-5524	468	2965
	-5860	396	11820	-3251	1683	-1416
	1732	-604	18172	-12331	-2568	-3517
	-4284	952	17608	-9132	-2426	-448
	-4628	1204	14564	-1887	619	498
	-7008	732	16164	2718	1816	-614
	-3136	4028	17492	-3279	-4222	-1975
	-4456	1448	15820	-520	-2737	-5508
	-5324	-280	14352	6620	680	-999
	-3284	2312	15208	3098	552	1028
	-5016	472	15912	2958	-2399	1307
	-5916	3360	15788	7870	-1257	-322
	-4132	348	13876	6110	360	-1092
	-3624	2744	14932	-173	-962	532
	-3912	5932	16244	663	-772	6137
	-4792	872	14344	4856	217	2517
	-4712	4516	13532	3546	-222	1375
	-4300	3380	16064	3342	-1615	-239
	-4008	3392	15176	-1182	9	-153
	-2604	2096	15628	6359	140	7698
	-3632	-780	15620	3166	-1533	2502
	-4464	10144	12892	3367	-923	1624
	-3120	4020	15640	5062	216	2364
	-2628	4104	18588	1937	-3256	2395
	-3408	4048	15484	-299	-1697	606
	-3848	5320	14216	-408	-756	1277
	-3552	2436	13672	1292	3409	969
	-3488	1848	14212	-1319	3514	-806
	-5016	4776	17516	-1109	1435	-401
	-3776	4340	15128	-1044	367	1107
	-3832	2708	16392	-513	842	482
	-4620	4252	15184	-303	182	-732
	-4588	2688	15892	1430	-1284	-1994
	-3916	3532	13812	2387	-3513	-2232
	-3460	3460	15136	2327	-1440	-3259
	-3844	3816	12592	1784	11	-1404
	-3692	4336	17828	1364	-2114	-1346
	-3236	4136	16828	102	-118	188
	-4252	4120	16568	-1223	-1195	-66
	-3516	4764	16108	-4079	-1004	1534
	-3840	2416	12300	-4765	4128	4666
	-4732	3364	16328	-7465	5145	6913
	-3956	628	17612	-6010	2560	2542
	-3584	-1608	16692	-3924	-3432	-6324
	-4108	3184	14312	-10578	-3887	-7619
	-4948	5424	14156	-11229	-2147	-731
	-4700	5200	19736	-11211	-9290	-1009
	-2992	2620	15400	-8927	-5038	519
	-2460	-1948	21960	-12023	-10615	-3739
	-2208	1628	12008	-7734	-7964	-3024
	-2308	-844	16524	1919	736	1972
	-2256	760	11716	5464	-3958	5054
	-1228	792	19408	6698	-5499	5708
	-1416	-1612	15652	2405	-10902	760
	2340	1312	17032	-5580	-9547	-9958
	-652	-6788	23456	4323	-6798	1443
	20	264	6292	-2861	-5156	3132
	1364	-2144	14740	3192	2144	1999
	1068	1508	13336	-2177	-1075	1189
	1688	1500	21408	-584	132	100
	1032	-1776	18300	-219	-1607	-596
	908	-300	15168	-4611	-4994	-708
	924	-1872	16916	-4421	-3630	-423
	860	1300	11296	-3301	-3489	2330
	544	-1176	15512	2790	3279	3699
	876	-808	17760	3542	2257	1921
	792	-620	17048	1149	-2013	-221
	1380	-2180	18256	1046	-1905	-1733
	1020	-1080	15432	-4666	-2669	-2676
	1096	308	16556	-2243	-119	4857
	944	-1280	17328	-65	-229	2955
	720	-1352	17024	1580	-897	2288
	32	-2892	18296	-1764	-7024	1327
	2516	-2364	10636	-1002	-4321	952
	564	-4976	15076	2187	-1411	-453
	2624	-2316	14668	2567	2426	-6080
	3252	-780	17320	1344	924	-6905
	-416	-2516	16348	2658	-860	-9571
	1076	900	13720	83	1225	-2118
	1640	-2480	16248	1788	1208	-1734
	2252	2448	14840	2510	4654	-2620
	1148	8	17288	-2093	-1489	-606
	2308	-3576	21860	3743	-3743	-989
	1080	216	14412	3010	-2042	-2747
	2164	-1136	13276	1194	582	-1866
	1560	-120	13760	2038	4604	-2190
	708	-152	13992	3488	7404	-3595
	868	1268	17560	2858	957	-2592
	2504	2016	13252	-333	660	-3152
	-2920	-8668	15352	-960	4521	96
	812	-512	15948	-491	2253	-1476
	-172	388	15492	-3581	981	-157
	-1136	632	18488	-2104	1846	968
	2188	-1496	15388	-2273	-620	1779
	336	52	17632	-628	650	-499
	764	672	16128	656	826	525
	600	-192	16080	1286	3141	1977
	-620	1608	16280	-401	923	2413
	316	-260	14524	-1639	2904	3289
	772	472	15888	-673	440	2828
	-784	-344	16428	908	330	-441
	-980	-1964	15616	-129	-1140	-1520
	-268	-616	17816	1233	-904	-2581
	120	724	17332	1773	674	-3642
	92	4160	3800	-441	-9032	-5411
	1184	3300	14176	1453	-7334	-6155
	29388	32767	-32768	-32768	-32768	-6880
	8776	-4004	5748	32767	-15749	26906
	-2848	-5768	13224	191	-4417	16
	3292	-4112	11316	-9715	5597	3548
	-2112	-2200	32767	-14836	15564	-2681
	1828	9204	17884	8183	7440	-2064
	-4868	8132	16812	10246	-1837	1132
	1000	1844	15440	-8697	-6846	2489
	3712	-2272	16416	-3831	-3470	1915
	4184	-2472	14888	1960	1881	-1741
	2620	1504	15608	2396	3711	-2964
	2100	1724	15116	2636	5026	-2421
	512	-172	10572	-9213	6489	-13215
	3224	-7504	13144	-3004	9939	-1692
	1460	-5032	14156	-4178	6448	-4486
	1968	-580	17660	-1787	3912	-6902
	1056	-16	14912	-667	4655	3149
	1784	-3140	13704	-525	1521	-77
	796	1116	13408	-1415	2096	-1256
	-260	-2980	17080	-4411	2640	-1950
	1460	-2064	15224	-1598	1001	338
	992	1584	16684	-2540	1249	1748
	1216	-3564	14244	-1591	2947	2302
	552	636	16744	-301	970	2549
	532	1280	15848	827	3652	4598
	-860	-456	16660	672	-466	1666
	1484	-3512	15236	244	-920	314
	-8984	-13476	7612	10088	8393	2997
	-172	120	19196	448	1048	1213
	-384	-1012	17984	-2521	-563	241
	-292	832	16604	-2561	-3660	748
	960	-3556	5620	-3935	-5116	-1965
	-88	-2480	14136	114	-1009	37
	588	-1272	16984	583	170	-490
	92	-760	16248	562	802	521
	1544	864	15696	292	2846	-1889
	536	-1404	14008	-314	-319	-877
	708	-1908	13948	628	1415	-1638
	352	-884	15840	2271	2374	-1752
	80	504	17032	3397	2557	-1195
	176	-2072	17992	3515	1189	-2018
	12	-716	15092	3734	1016	-4164
	-776	256	17464	2198	445	-2062
	96	576	15916	2625	1353	-3340
	-144	-1180	15772	963	996	-3440
	-704	-124	17736	1207	-608	-273
	-108	380	13940	65	11	799
	-308	2488	14288	-299	2592	5092
	36	-1016	25524	-2416	2245	4253
	-1648	-296	13796	-1043	2790	1717
	-728	-928	17320	933	2463	177
	-1508	-596	18972	-1088	-947	-1510
	-1384	-628	16280	-396	-2778	-2887
	-1524	1880	17584	300	-7026	-5646
	-800	-704	14208	1327	-7909	-4952
	368	1072	11296	3191	-4239	-2236
	-424	236	15536	1276	1867	-325
	88	204	16340	-1082	1552	-590
	-300	1072	17192	-91	1884	970
	96	2084	12592	-74	3586	3417
	-1192	-1260	17116	-1062	4489	3986
	748	-2788	15668	1446	3169	3003
	14908	32767	1568	-13511	4492	21117
	32767	-32768	32767	32767	32767	14524
	-17064	28332	32767	-10737	-5760	1919
	-1008	-25768	12068	8598	-2797	-1660
	-15360	-32768	-516	32767	10492	-1302
	1436	3952	21732	-10186	-11495	-11289
	1000	14568	5632	-1692	-8417	182
	-1548	2164	17736	1739	-5196	1025
	7784	-5144	10620	5394	-11	1175
	48	1860	17284	481	5658	-1006
	232	-1016	19728	742	1685	1448
	152	-1200	18988	-1876	138	-5795
	-528	13464	19948	-2296	-500	-4820
	-416	-332	14960	1351	2379	-589
	-552	1956	15016	-573	96	-338
	528	-1304	16092	-246	1772	-3307
	-1212	1416	16376	1520	2360	-1105
	-6160	-5572	15864	-6893	-7436	-1376
	464	488	11220	1527	-435	-1257
	-464	60	16872	3770	3268	1788
	-952	-108	17452	-1384	-241	929
	764	48	15664	-590	-2242	-378
	448	564	16544	-1517	-1153	115
	0	-628	17320	-4890	-3655	-1018
	408	-952	16184	-3323	-3079	-3755
	612	2056	14924	745	-599	-1679
	-264	248	18356	1640	-901	-1326
	736	-444	14180	2556	700	-1035
	3888	21436	14132	-424	-3112	-5449
	800	868	15444	-270	-603	-1788
	376	456	15120	898	3057	1625
	104	-780	15368	-2091	825	657
	12	-1628	14428	-2452	1664	-149
	-160	1176	16220	-6040	1287	-18
	-164	-304	19108	-4868	-570	2109
	272	2168	16052	-2594	530	2466
	-928	-436	25188	-1358	7680	1201
	88	-740	16124	947	3483	320
	-1036	100	14256	3126	4621	2018
	-904	-128	15500	1407	1585	1438
	-76	1160	14616	-732	1248	-1167
	-1356	-664	14340	2274	6326	2608
	-1448	-1324	15372	1689	4196	1796
	-1744	-784	17820	-38	1656	565
	-1540	100	16404	2285	145	-1420
	-1344	-160	15624	405	-136	-1521
	-1620	-272	15652	-338	170	208
	-1696	460	14504	1305	1639	596
	-1332	-60	15508	357	-284	822
	-1240	36	15264	-709	-230	-241
	-1860	2560	12124	844	-610	1011
	-1964	292	14136	0	-1681	-181
	-2124	-440	14716	2095	-307	-93
	-1880	-40	15884	1454	-3522	-2990
	-1184	1320	15848	2330	-4135	-3819
	-992	496	15064	2159	-1611	-2404
	-1260	-340	16700	463	-1806	-2068
	-716	1808	15064	1907	-477	-1248
	-796	1524	15648	-99	-246	168
	-392	876	14272	-1760	1210	274
	-436	2584	15420	-211	3511	2768
	-1508	-612	17764	-790	2810	4430
	-1744	280	16500	-1135	2797	2490
	-1708	532	16376	593	456	1079
	-1552	612	16292	-1280	1512	88
	-1656	-228	16544	-618	420	181
	-1636	1648	15360	1980	-2020	-1815
	-1416	3244	16352	2748	-1958	-1402
	-1132	60	15648	462	-2049	-2195
	-1280	1776	16064	68	11	-1343
	-1460	984	14404	952	-1151	-858
	-960	876	15780	-201	-887	-224
	-872	1252	14128	-279	-851	-535
	-1068	876	15656	-936	-474	-558
	-1556	-1160	17240	-1124	-1079	-946
	-1784	2124	15000	615	327	-106
	-1364	1600	14952	4	-1642	-561
	-1328	-76	16828	159	-1619	-1537
	-1512	948	14256	806	-923	-1332
	-484	-136	16844	188	-5183	-3582
	-216	1476	15200	-134	-118	-131
	-1368	408	17328	832	-188	80
	224	488	15708	-717	648	-40
	-920	672	16220	-443	779	-282
	-760	2528	15908	-256	1828	1344
	-636	-132	15572	-31	6098	3738
	-1668	-376	16692	-466	7570	5387
	-1772	-188	19448	-789	3605	1903
	-16	5496	19156	-837	234	471
	-2140	244	13820	-588	1296	614
	-2252	-72	16120	67	390	-719
	-2196	1164	15428	121	-1341	-1072
	-1656	-664	16436	1602	-2820	-3287
	-1544	848	14820	3053	-2583	-3909
	-1432	1268	15392	2026	-3905	-2786
	-636	1152	15080	489	-3926	-1792
	-108	2000	14764	-179	-751	-1076
	-384	688	14524	-992	2597	1512
	-1028	2264	14604	229	3935	3071
	-1892	1268	18016	-1274	5678	5172
	-1364	-468	15988	-2203	2464	1956
	-1896	596	15484	-205	1093	311
	-1884	76	16440	-686	-1156	-1261
	-1796	-560	15964	757	-2416	-2748
	-1192	1608	15984	-540	-3946	-2454
	-1164	1192	15384	-278	-3450	-2741
	-2088	876	15948	-255	-1007	-2067
	-1000	556	15624	-473	-2641	-1915
	-272	1412	14764	22	-574	-319
	-708	284	16964	-1104	355	229
	-540	1420	14896	-741	3930	3693
	-1844	3976	14868	-1329	4853	6594
	-1400	-2588	16524	-743	3483	3475
	-1724	-868	16644	-1669	1982	2525
	-2640	168	14184	-532	1389	-33
	-2244	-976	15708	-286	-2349	-2138
	-2308	-44	17652	1841	-3205	-2722
