6492	-15676	11832	55	-1070	2518
	1216	-10392	8068	2088	-2245	-1719
	2052	-11572	9788	932	-1680	-1674
	2120	-12024	10816	1618	-683	-1104
	2000	-11340	10548	430	-424	-527
	1896	-11552	11152	-252	-307	-379
	1596	-11952	11508	-61	261	-89
	2012	-12072	11228	-534	375	-101
	2340	-12036	10192	-206	-530	-825
	1844	-11480	10228	-280	20	-1271
	1784	-11744	10740	236	-461	-1484
	2152	-12176	11120	86	-604	-1295
	2384	-11964	11020	89	-559	-602
	1928	-11704	10728	-249	-308	-330
	2256	-12272	10952	-58	251	-352
	2560	-12432	11060	1382	251	-450
	2452	-12028	11144	636	-371	-428
	2072	-11820	10956	719	-284	-126
	2196	-11904	10864	697	463	293
	2240	-11876	10920	1025	931	1149
	2212	-12352	12324	2604	1581	2556
	1708	-11712	10192	-762	3584	1234
	1664	-11564	10756	-1481	3260	-436
	2520	-12496	9276	7968	308	1851
	4192	-12112	12888	3687	-171	316
	2264	-10168	10392	2836	772	-1958
	1864	-10436	9444	4537	2042	-418
	2584	-12360	11660	1617	3866	-1625
	420	-11952	14932	1491	2597	-3901
	1092	-15320	9224	-10874	-1468	-15621
	2608	-8392	3588	-2418	-2114	-542
	1948	-11556	10900	3318	-269	-2392
	2264	-12920	17804	17559	-806	1285
	4888	-9712	11876	21151	-9273	1687
	1608	-16068	11032	-14113	6776	-4027
	1168	-11396	13796	-8105	3547	-4736
	1832	-14380	13384	-7256	847	-4547
	2140	-11224	10312	-18687	68	-8163
	1952	-6496	11012	-9839	2896	-4182
	2932	-11280	10380	-8861	2887	-2104
	3480	-16348	13212	-10863	1220	-4194
	3064	-11772	11836	-7891	-721	-6386
	3596	-9856	7848	-6074	-1202	-5639
	3808	-8344	8980	-5813	1354	-1882
	4004	-15100	11980	233	-174	-1588
	3880	-14772	8752	4468	-2172	-3024
	3732	-12020	6152	-2	-710	-3792
	3932	-8048	6444	-74	2581	-2190
	3584	-9216	11004	2648	3220	1992
	3356	-16496	12892	4584	900	1159
	3140	-14532	10364	5181	-603	-1929
	2904	-11332	9848	7665	118	-1479
	3632	-10376	8320	4001	663	-523
	3724	-10676	10064	1854	1178	598
	4064	-13940	11596	-2	636	388
	4120	-13500	9096	389	-607	-666
	4040	-10792	9324	-2477	352	-982
	4032	-10512	10700	817	817	521
	3752	-12420	10116	2038	189	1938
	3140	-13172	10432	4645	42	360
	2800	-12056	10892	9376	165	-85
	2868	-11304	10344	10051	-1349	-356
	3036	-9596	9868	12523	751	-443
	3192	-10720	11296	12022	67	518
	3076	-11180	15956	26316	-973	919
	3216	-8956	13924	30622	-2191	517
	3284	-7744	13496	26417	-3408	1181
	3660	-7736	13036	13047	-1921	-1130
	3240	-5428	16292	22384	753	-2
	3664	-5132	17752	31369	-2148	3169
	4188	-3012	16576	30558	-3323	3198
	3572	-380	17148	32767	-5381	4534
	4440	-2576	11972	24086	-5234	3137
	4132	-2244	13580	32406	-1421	2194
	4432	2168	14604	30156	-1292	894
	4412	7804	16216	30950	-2505	3137
	4308	4764	17652	32767	-6515	6518
	5028	1448	12640	32454	-6994	4244
	5380	6404	10428	32767	-3946	1701
	5444	8916	12252	32767	-2573	2094
	5620	9948	12360	31578	-3665	2095
	6404	9880	8872	23547	-6190	1746
	6276	11376	9536	22302	-5295	831
	6348	10040	10436	25495	-5462	1156
	6412	13864	5880	32767	-2799	1704
	6660	18036	4988	32767	-2037	5289
	6464	15484	4548	32767	-516	11108
	6764	10972	6004	32767	-832	11621
	6804	13452	4168	32767	-2009	12213
	8468	9372	-5748	32767	-6338	11975
	9340	8016	-11316	29029	-3493	6628
	9256	11572	-8076	7615	-3425	3345
	9972	8956	-4816	3368	-6074	3521
	9052	9964	-9064	8366	-3498	2528
	9328	11040	-9852	13813	-2588	2494
	9200	10988	-9156	18279	-736	4612
	9032	9440	-9916	24867	-901	4608
	9384	4472	-7012	26157	-1390	4599
	9480	8220	-13472	20146	-3157	2134
	9332	7180	-10400	17914	-2604	4301
	9632	5400	-14152	15587	-1408	2670
	9484	4532	-10328	16824	-1593	2347
	9272	4364	-13996	13373	-1729	828
	9336	5820	-13988	15196	-2554	1026
	10204	4744	-18168	11800	-1700	1578
	10036	2400	-12360	11114	274	1723
	10164	1924	-14836	10032	-952	-203
	9488	3384	-13428	4127	-911	-533
	9864	5552	-18924	1604	-1370	1203
	9612	1352	-14892	-1709	1353	865
	9536	2272	-14528	-1285	-272	-194
	8960	3028	-11020	-3324	192	-476
	9496	2940	-16604	-3652	-961	-119
	9088	3240	-12196	-4245	63	-558
	9240	2068	-12320	-5643	-914	-867
	9184	5432	-14844	-4693	-632	-680
	9184	3572	-14108	-3773	462	-333
	8804	3320	-12076	-4793	-229	-936
	9156	5272	-13716	-8302	-2265	-1556
	9208	6280	-14772	-8407	-1845	-738
	9496	3828	-14292	-8175	-536	-379
	8492	6052	-14404	-12054	397	-1050
	8864	4456	-11016	-15596	-3330	-2496
	8920	6448	-13948	-14489	-2876	-3077
	9148	7528	-14492	-14206	-1912	-2416
	8448	8708	-12356	-14540	508	-1825
	7960	4996	-10744	-20584	-631	-3622
	8136	10768	-11200	-24689	-4797	-6131
	8680	12720	-12724	-30019	-2940	-3021
	8472	13128	-14920	-32768	46	-1841
	6832	5064	-5108	-32768	1473	-2529
	7300	13284	-6100	-32768	-2720	-7690
	8096	15652	-6928	-32042	534	-3866
	7680	17304	-7508	-31870	3337	-1379
	6532	11276	-1364	-32768	4624	529
	6436	8132	176	-28169	3170	-3919
	6556	17168	492	-22384	2768	-4514
	6700	18516	1924	-24314	2435	-979
	6452	14192	1420	-29156	3426	890
	6164	7564	4164	-32768	1881	-2144
	6172	8844	6416	-32768	509	-8335
	5160	10232	10568	-32768	7425	-5298
	5372	11444	17148	-28333	1898	-2431
	4948	10112	14172	-10057	1028	3460
	5844	2428	9772	-12044	1643	-725
	5636	8136	10376	-19363	3626	-3178
	5284	8832	15552	-24366	1609	-2098
	4792	4716	14812	-16386	1002	148
	5500	4320	11828	-13591	400	-1785
	5560	6200	10384	-22239	2536	-1150
	5184	3580	14988	-30666	3443	-1190
	4408	-1688	15428	-27077	2705	-1640
	4580	1192	15016	-22483	2298	-3335
	4688	2096	13100	-23169	2282	-972
	4004	-668	16180	-26296	2613	759
	4108	-4936	16432	-24383	988	-144
	4416	-3968	13820	-21223	3168	-1075
	4360	-2864	14716	-22755	1920	-696
	4144	-2956	14476	-24358	2337	1278
	3812	-8912	17408	-21722	1169	1190
	3644	-6940	15764	-2137	1211	-414
	4092	-6600	10440	-3371	2241	1240
	3924	-7296	12688	-14990	5206	757
	3512	-8156	15676	-13181	4210	-63
	3384	-7804	15504	-4331	1899	459
	3224	-8592	14640	1974	416	1069
	3076	-9152	13752	6075	300	618
	2864	-7460	13080	5855	643	424
	3148	-6908	14456	5124	1280	1027
	3188	-8448	15864	5794	61	1308
	3288	-7148	12704	2924	248	203
	3088	-6316	14600	1658	1179	521
	3004	-8256	14656	1183	398	145
	2824	-6508	15268	996	-231	53
	3088	-7268	14112	2723	-857	-137
	3100	-6048	12600	3136	-409	25
	3220	-6228	13908	2539	731	402
	3220	-6356	15256	2272	179	169
	3076	-6552	13620	1572	354	198
	2976	-5840	15212	741	78	300
	2976	-6556	14276	1794	130	334
	2904	-6416	14800	848	403	165
	2800	-6340	15036	791	-356	38
	3032	-5852	14116	735	-253	60
	3040	-6076	13000	957	475	-16
	2808	-6896	14648	-3	781	-315
	2600	-5496	15392	553	41	7
	2676	-6452	14416	449	-537	-154
	2816	-6332	13380	742	384	-523
	2932	-5556	14244	886	637	-461
	3152	-5332	14288	1250	1273	110
	2928	-6764	17628	639	-10	15
	2984	-5324	13896	1288	-489	245
	2972	-5672	13680	189	293	110
	3036	-5492	14704	164	491	-75
	2864	-6224	14940	152	284	-38
	2812	-5460	14560	125	40	-335
	2688	-6136	14480	132	-99	32
	2804	-5996	14308	-36	69	-211
	2736	-5948	14364	-212	405	-122
	2808	-5348	14692	-369	191	-328
	2640	-5956	14932	-159	1	29
	2780	-5492	14112	6	361	-282
	2880	-5620	14900	656	450	-12
	2868	-5576	14864	509	137	-84
	2844	-5636	14524	424	156	-166
	2796	-5912	14620	132	-46	-124
	2768	-5716	14212	-779	80	-392
	2884	-5308	14320	-146	172	-47
	2848	-6140	14484	-51	186	10
	2576	-6680	14764	-54	39	-8
	2732	-5064	14136	443	276	-260
	2728	-6136	14756	1055	247	63
	2792	-5528	14312	1397	309	-90
	2688	-5844	14832	1086	289	-166
	2464	-5756	14920	-77	151	-412
	2580	-4820	14204	-206	371	-460
	2716	-5764	14640	37	538	-135
	2712	-5600	14936	-58	593	-263
	2764	-5468	15836	-72	170	-190
	2620	-5164	15196	-185	-392	-164
	2660	-5860	14120	203	-90	-63
	2680	-5016	14648	-380	322	-244
	2644	-5136	14808	14	217	-121
	2692	-5652	14916	-111	-70	-107
	2800	-5516	14752	189	-290	70
	2676	-5520	14128	-361	351	-20
	2564	-5904	15348	-413	16	-33
	2660	-5788	14772	-207	-199	-112
	2580	-5560	14976	-455	-66	-24
	2640	-5940	14076	-171	32	-335
	2640	-5620	14872	-368	97	-357
	2528	-5164	14492	-213	-95	-147
	2636	-5420	14232	-547	220	5
	2736	-5900	14844	-84	50	-41
	2652	-5624	14980	-208	189	-22
	2624	-5892	14892	-82	-321	-176
	2708	-5560	14660	-521	-102	-188
	2676	-5288	14432	-15	-63	-118
	2716	-5708	14492	-116	19	98
	2668	-5496	14316	-516	352	-112
	2656	-6136	15132	-164	93	-232
	2732	-5716	14396	152	-16	-80
	2584	-6108	14164	408	80	80
	2560	-5408	14872	-604	445	-58
	2524	-5892	14672	14	98	-102
	2692	-5636	14616	-286	145	-406
	2512	-5696	15244	-78	-165	-321
	2480	-5784	14204	35	-27	-106
	2488	-5720	14832	-625	631	-168
	2528	-5988	15312	-389	225	-142
	2544	-6068	14388	-184	-63	-250
	2540	-6144	14028	52	151	-333
	2560	-5504	14296	-112	373	-225
	2668	-5368	14480	-161	561	-149
	2668	-5328	15408	-424	82	23
	2548	-6396	14584	-240	-139	-94
	2444	-6076	15156	-205	-218	-173
	2584	-5924	14304	135	41	-235
	2548	-6260	14392	-272	33	-381
	2568	-5856	14744	-43	145	-269
	2612	-5768	14876	334	96	-137
	2476	-5988	14952	361	-87	6
	2552	-5880	14496	213	-27	-97
	2476	-6000	14756	-159	-32	-188
	2580	-6020	14692	-129	-82	-114
	2700	-5660	13884	-350	279	-339
	2548	-5940	14936	192	77	-169
	2536	-5900	14224	320	-67	-295
	2564	-5516	14648	-188	126	-283
	2616	-5668	14864	155	-234	-183
	2684	-5824	14000	54	105	44
	2532	-5504	14564	26	258	37
	2588	-5520	14824	512	10	40
	2528	-6556	14632	95	-136	-82
	2592	-6112	14448	296	-52	-22
	2612	-5816	14740	57	-17	-136
	2716	-5508	14708	229	23	47
	2568	-5936	14572	157	6	14
	2592	-6332	14804	-507	82	-195
	2460	-5856	14872	-100	-64	-16
	2472	-5664	14328	163	105	-53
	2436	-5940	14740	117	114	22
	2412	-5760	14692	-74	133	-121
	2512	-6172	14688	-163	-62	-355
	2480	-5732	14616	143	-281	-242
	2660	-5756	14268	0	149	-455
	2632	-5596	15748	733	-18	-322
	2696	-5988	14252	1655	-258	35
	2392	-5656	15256	804	-4	-104
	2368	-5940	14832	2948	-509	-239
	2312	-5408	17368	6292	-1498	431
	2448	-6504	14468	8278	-1970	330
	2508	-5644	14216	10929	-1333	-186
	2364	-4004	15724	13989	-935	70
	2448	-3496	18600	19579	-2769	1138
	2052	-4732	17956	25401	-6039	1713
	1988	-2616	18144	29762	-6652	2400
	2076	-308	18596	32767	-7689	3848
	2864	-1252	13220	32767	-6827	5065
	3188	1212	15616	32767	-7030	3954
	3592	3628	14816	32767	-9123	3370
	4596	6620	13712	30960	-10193	3878
	4392	6040	13212	32767	-7630	5583
	5352	6596	9328	32767	-7491	5693
	5544	12616	7992	32767	-5430	8550
	5784	13248	5264	32767	-5760	14644
	6300	8172	7140	32767	-6387	15057
	7024	11456	2472	32767	-7956	17096
	9264	6132	-8156	32767	-6548	14853
	10160	6612	-9424	26677	-3800	6816
	9376	10288	-4788	20758	-4481	6094
	9788	6660	-8000	24884	-4946	5240
	10176	8568	-10064	26196	-6528	4945
	9580	7244	-8596	23893	-4372	6529
	9316	5560	-9584	21404	-4766	5213
	8700	4732	-7964	27076	-5092	5569
	8444	-748	-6540	26380	-9463	2886
	8948	1552	-13764	27529	-13184	1548
	8796	3520	-18548	19602	-5922	1080
	8508	1244	-13284	26265	-7190	3853
	9180	-3660	-14792	31850	-7434	3488
	10240	-5312	-20952	27605	-4713	497
	8900	2292	-18964	20226	-657	174
	9428	-2784	-20540	14798	-118	3453
	9352	-5524	-15804	10889	151	1645
	9620	-6728	-15572	13463	-254	346
	9032	-2528	-18488	8042	719	-1256
	8892	-2948	-18020	567	1007	-654
	8272	-1232	-17416	-5295	2838	99
	8596	-4368	-16588	-8123	1471	212
	8732	-2268	-16500	-11701	2850	128
	8816	-2648	-17600	-19527	2119	-121
	9180	-56	-18336	-32768	1910	365
	9128	1532	-20000	-32768	3261	733
	9004	-4636	-12396	-32768	2921	1103
	10420	1024	-21592	-31156	-1312	-2914
	9684	1988	-14276	-32768	2986	-2332
	9076	10172	-15516	-32768	896	-2834
	9504	7648	-15328	-32768	12	503
	10104	1564	-16280	-32768	1892	-3711
	9564	9472	-13716	-32768	4254	-6445
	8224	14064	-8420	-32768	7415	-2859
	7204	6200	-2320	-32768	6628	-554
	7504	2284	2328	-32768	5474	-3935
	7168	11992	2848	-32768	6184	-3206
	7588	7408	4592	-32768	5765	-816
	6548	5468	9876	-32768	5344	685
	6556	4036	10960	-32768	6039	2464
	6948	4604	10904	-27165	5704	4000
	7516	2452	9604	-16281	6113	3452
	7368	4456	8460	-18728	7567	3655
	6460	-320	13312	-19409	7404	4221
	6844	2576	9384	-21915	7751	1065
	6280	684	8796	-28575	10754	3974
	4464	-1048	12468	-32768	14101	3882
	3700	-6752	13780	-26963	11787	3590
	3932	-7348	9848	-31260	12521	-1335
	2520	-1848	9836	-32768	13955	120
	1756	-6868	11224	-32768	15457	2510
	188	-5152	17480	-32768	15345	3418
	-176	-12652	17428	-30338	9012	6632
	124	-7616	8088	-29823	10852	4646
	-1316	-12176	13340	-32768	10158	8348
	-892	-16376	12060	-32768	7456	6337
	-1108	-15168	9892	-32768	6600	5939
	-1452	-16976	9952	-25477	5705	5426
	-1512	-17216	7352	-20470	4989	5598
	-1172	-18556	8692	-22175	4035	3660
	-1304	-16724	7780	-17199	2500	3495
	-1964	-20808	5600	-7507	416	2448
	-1704	-19196	4436	-3153	974	1601
	-2408	-19884	9132	2131	-680	1382
	-2388	-21416	6424	13792	-3014	204
	-2736	-22344	10580	29823	-5766	-1874
	-2996	-21580	8832	32767	-7955	-2849
	-2736	-17340	6772	32767	-6711	-2456
	-1820	-16908	9180	32767	-4429	-4837
	-1428	-12432	12404	32767	-6995	-6424
	-1560	-8280	15964	32767	-7690	-3681
	-1096	-8444	16236	32767	-11561	-1216
	-224	-5780	11988	32767	-12271	447
	1528	-3264	8396	28124	-8224	-1300
	1400	-824	14580	11415	-5879	-3259
	1072	908	19768	20767	-9204	-1286
	2352	1456	13140	32767	-7719	969
	2320	3304	14536	32767	-7230	3802
	2716	3840	12876	32641	-8056	4370
	3696	4076	12008	26990	-6329	4924
	4092	4688	13780	32767	-6113	5959
	4300	12880	13064	32767	-3230	11319
	2172	18292	15256	32767	1521	22745
	4612	2192	14664	32767	-2004	28302
	9172	764	-6376	32767	-8778	9760
	8860	16616	-8288	17103	1951	2747
	6204	15700	3964	7958	-124	5718
	6768	13408	2408	22837	-3260	7268
	8700	15232	-8376	25147	-1074	6947
	7148	15524	368	27914	2063	10779
	6216	12860	2276	32767	24	11469
	7352	8352	-2908	32767	-3607	10723
	11324	8400	-17332	17502	486	6115
	6968	9744	864	32767	2848	5999
	7044	10256	-1932	32767	1779	12296
	8780	812	-5644	30105	-682	6085
	10244	4232	-12408	3489	-7523	-416
	6656	11632	-1364	14108	-4851	6196
	8676	3976	-13288	32187	-6125	15154
	10612	-2796	-13864	24502	-5539	12285
	9480	-2428	-7860	21022	-5014	12705
	11096	-4564	-11416	18809	-3387	12425
	12380	-9180	-12524	28664	-3311	2750
	9744	-3360	-13956	32767	-2584	-1016
	10956	-3412	-12252	32767	-2757	3267
	11160	-7836	-8404	32767	-7430	4782
	9672	-7088	-16788	32767	-13472	7044
	8784	-9568	-13200	32767	-6593	12903
	11840	-16744	-8156	32767	-3300	9860
	9268	-10144	-7780	26889	2086	4326
	8348	-14196	-7208	15534	1200	5688
	8000	-13536	-2296	12321	-2824	5302
	8912	-22284	556	31455	-3394	2092
	8488	-16440	-5788	32767	-5279	538
	7664	-14332	-6048	32767	-4246	1156
	7732	-13396	-384	32767	-1858	4639
	6492	-17424	6988	32767	-3266	4829
	7416	-18500	-168	32767	-8156	1725
	6572	-12320	1900	32767	-4115	779
	7220	-12648	5620	32767	-2971	2115
	6632	-13356	12528	32767	-3348	4266
	6240	-13068	12128	32767	-8395	3966
	7212	-15404	16468	32767	-8365	1345
	8328	-11084	13880	32767	-2060	463
	8204	-10808	21072	32767	-7059	-955
	7448	-5804	18756	32767	-11951	-1402
	6800	3308	10524	32767	-12051	404
	7976	-620	16072	32767	-8373	3889
	8820	-1976	17364	29872	-9646	3365
	9644	-2844	19428	29367	-11364	134
	9008	280	18548	29597	-16204	-971
	8300	1348	19092	30537	-18830	-924
	8556	4636	2872	32767	-19824	297
	10732	6048	7536	16128	-9852	2126
	10916	5116	18668	14019	-13845	2235
	10220	4720	8052	20935	-19975	3257
	11016	6476	3140	18709	-14066	2867
	11840	6224	2708	13533	-12523	3213
	11088	6376	8332	12882	-17485	3128
	13016	2544	-5108	12012	-14207	1979
	12780	9552	632	6612	-9810	944
	12164	5672	8596	8549	-12548	1439
	12712	6416	-1452	10218	-14618	1553
	13788	5984	-4624	4493	-9149	-219
	13168	8940	1800	1187	-6120	295
	12540	6492	-5720	4989	-8772	1627
	12840	5852	-6536	168	-1072	185
	13224	5192	-4748	9	1650	138
	12712	5596	-4852	-2547	4914	36
	12464	4512	-508	-4658	5725	-1287
	13000	-52	-1540	-6442	5629	-2887
	11960	3116	-2752	-4462	7841	-6589
	11160	5204	-6580	-9870	12150	-7150
	11388	3952	11708	-20969	11903	-8294
	11212	3104	-3548	-17211	10186	-9029
	9800	3308	-2952	-18468	17093	-9980
	10080	1356	1916	-30747	25119	-12547
	10944	628	24404	-32768	19239	-20025
	6600	12000	10640	-32768	12572	-20491
	7760	10836	7856	-32768	14276	-8136
	8428	2912	11424	-32768	17857	-6928
	9188	-6224	20712	-32768	17967	-12396
	5692	4856	17520	-32768	13117	-19553
	2472	13252	19908	-32768	16910	-6504
	6816	-8996	22780	-32768	5592	367
	9000	-13748	13500	-32768	7205	-9492
	3468	4060	25620	-32768	9844	-13144
	4036	292	28272	-32768	-5951	869
	9548	-21116	8584	-32768	-7577	-1881
	6824	-10988	13144	-32768	1481	-8307
	5664	-9480	19992	-32768	-649	-3124
	7460	-14292	15000	-32768	-9946	-4267
	9160	-17544	1236	-32768	-6425	-6849
	7080	-13516	9416	-32768	-2324	-8242
	6768	-11824	6444	-32768	-3424	-5254
	8308	-15044	3768	-32768	-6608	-5694
	9220	-17508	-940	-32768	-7452	-7521
	7732	-12112	2340	-32768	-6220	-6806
	8616	-15388	-40	-32768	-6526	-6138
	8476	-16452	-4568	-32768	-9911	-6473
	9712	-14844	-10064	-32768	-5332	-6956
	9012	-11588	-4432	-32768	-1867	-5273
	9548	-10840	-6652	-25273	-4281	-5387
	9868	-9996	-11684	-25821	-3255	-5618
	9956	-9844	-14056	-32768	-1094	-6227
	9620	-8500	-9056	-32768	465	-5111
	8652	-5524	-10276	-17553	3529	-3498
	9816	-7144	-12552	-20249	2086	-3222
	10508	-7912	-11872	-32312	1998	-5324
	10156	-4552	-12264	-32768	2010	-6685
	9916	-2372	-9892	-32768	4510	-4771
	11176	-2996	-17348	-32768	1349	-5748
	9800	508	-16276	-32768	7156	-5769
	10924	-764	-14428	-32768	5708	-9296
	10808	2968	-10092	-32768	3417	-5737
	9896	9832	-9332	-32768	3305	-5131
	10284	6632	-5484	-30197	4739	-4081
	10204	8232	-5612	-18545	5946	-3906
	10988	7800	-8996	-21582	4483	-5067
	10992	5496	-5256	-32768	3693	-7535
	9628	10904	-5192	-32768	7454	-8314
	9776	9152	-2076	-32768	4327	-9744
	8676	11712	7844	-31024	7913	-7552
	9568	12256	-1124	-30479	5396	-7024
	7828	13240	156	-32768	10162	-6583
	7956	8648	6196	-32768	6097	-9006
	8124	12896	4700	-32768	4762	-7169
	19592	-9424	29700	4360	25830	-4260
	7828	18628	-6912	-32768	8928	-3465
	5948	-4340	16424	-32768	5276	-7309
	6476	15584	5952	-14603	6812	-4749
	5740	8964	9320	-23028	2251	-2487
	6608	5952	8360	-28888	3820	-4875
	5408	7532	10016	-26950	7535	-2363
	5620	0	5784	-19981	9272	-3016
	4168	10432	15836	-19702	1822	-8275
	2708	2028	22120	-19777	7154	-617
	4464	4804	9432	-5976	6948	-1989
	3092	2212	15780	4654	8051	79
	6000	7508	6840	-12699	4805	-2514
	5076	3104	8396	-24418	9390	-5838
	1852	1020	17720	-30489	8884	-6451
	2832	880	13124	-32768	5889	-8296
	3712	72	13204	-32768	5884	-4455
	2788	-1768	15680	-32768	4059	-710
	480	-4764	20524	-32768	4230	1659
	1808	-9552	22344	-30448	1655	1764
	2596	-8772	15448	-19223	-1103	4416
	3396	-10756	11680	-4635	-1572	4364
	2452	-9348	13740	-7920	-1266	3535
	2260	-11204	13376	-10860	-1093	4259
	1984	-13508	14456	-13450	-1432	2138
	2376	-14596	15236	-11930	-1568	239
	1800	-8296	14796	-13177	-1880	-31
	2172	-12812	12216	-11597	-1850	715
	1892	-16716	8176	-5106	-1251	1414
	616	-17412	15116	-1514	-1558	-735
	252	-19164	12616	6544	-3678	-1904
	-36	-17848	17620	8647	-6391	-4104
	828	-18580	11888	28449	-10934	-3169
	2740	-16300	7040	32767	-8955	-4548
	1784	-13752	15924	32767	-8004	-2687
	1348	-9636	19356	32767	-15848	-3616
	3548	-6208	10812	32767	-18626	-2225
	4120	-4084	12916	32767	-17498	124
	5428	-708	9108	32767	-18728	-2071
	6284	5576	9396	31791	-17548	-250
	7312	1784	7592	29233	-17111	2104
	8760	3076	4944	26988	-15271	-388
	9064	4392	6868	32767	-13011	1674
	8156	8984	6996	32767	-13892	3499
	8144	6656	9456	32767	-15125	6768
	9532	8092	544	32767	-15844	8008
	9964	3816	2284	32767	-16134	9016
	10636	7428	-3364	32767	-15743	9317
	10348	8556	-3480	32767	-13619	11958
	9712	3288	-3992	32767	-14188	12573
	11040	-5304	-2192	32274	-16144	5910
	10648	6300	-11492	25232	-17633	1972
	10668	4960	-8208	26070	-16006	4314
	10976	3264	-10484	25819	-15713	5593
	9432	4776	-9776	26044	-14647	5011
	9000	968	-8076	23960	-18906	4714
	8976	5296	-13340	26315	-17488	6985
	9164	-4612	-13660	24696	-15359	6476
	7580	-2000	-9976	25154	-16661	4424
	6536	-3536	-12292	29313	-19233	7710
	6368	-3876	-16184	20778	-18196	4983
	6096	-5384	-15476	11669	-16117	6114
	6512	-8092	-16276	10024	-16217	3521
	5088	-1948	-14828	13510	-16306	2706
	5236	-2116	-19860	17508	-19316	5398
	5044	-5216	-20616	11847	-11281	7590
	5028	-10740	-17980	8455	-14360	3578
	-32768	5876	-32768	32767	32767	-1772
	4724	-3504	-11524	-16201	709	-1584
	5560	-3560	-27060	8936	1038	4355
	6232	-10656	-22164	32767	-7938	-408
	3956	-2096	-32768	5040	16591	-1829
	5324	-11436	-7860	-17393	13029	-1746
	4788	-5676	-23284	-19743	9568	-7352
	3444	-1888	-14728	-15526	16381	-4899
	4400	-4100	-13336	-6481	12550	-3609
	4620	-1460	-16344	-5851	10886	-3116
	5152	-5076	-16708	-7613	14221	-4611
	5704	-3684	-14692	-10710	13971	-5994
	5516	-452	-7876	-8092	13926	-5389
	6732	-412	-12076	-5407	12036	-4790
	6960	476	-10852	-6060	12705	-4675
	6844	120	-5644	-11153	11451	-5178
	8092	2356	-5716	-8721	7398	-4898
	8232	4828	-6484	-5702	3799	-3898
	8328	4984	-10172	-3626	4341	-1179
	8532	1004	-6292	-10272	4209	-2407
	8592	4828	-4760	-8763	-951	-3347
	8680	7052	-7156	-2012	-1388	-87
	8544	4556	-5732	2928	-3701	1385
	8340	3568	-8452	2659	-5214	2443
	8452	2112	-7528	3149	-6774	1426
	7656	5208	-8768	6454	-9068	2665
	7872	1204	-8336	8347	-9826	4691
	6832	860	-6580	9536	-11563	4138
	4992	1968	-8748	12945	-14050	5313
	5204	-3268	-12664	17519	-17111	8329
	5448	-6100	-14124	19394	-18014	5078
	4680	-1552	-18444	19749	-17287	4950
	4136	-4764	-18404	22863	-14790	8196
	4180	-7460	-23276	27500	-16937	10153
	32767	-9500	-32768	32767	32767	9497
	96	-3108	-7520	-1762	10759	-464
	7612	1444	-32768	12045	2175	2697
	6728	-3984	-13656	23766	-3825	3332
	3168	-9552	-11024	32767	-5116	2068
	5236	-9168	-32768	-4769	14373	-3815
	3936	-9756	-10948	-17613	9792	-4888
	4588	-4440	-25288	-17804	7192	-7879
	4600	-4664	-22544	-18256	15847	-5678
	4944	-4256	-21864	-16848	15064	-5263
	5120	-5112	-21464	-16460	19096	-5921
	5560	-5268	-19200	-20808	21581	-6798
	5432	-2340	-13932	-20684	22353	-8338
	6536	1832	-18100	-14664	23301	-8276
	5960	-576	-6504	-17574	27876	-7427
	7004	1440	-1404	-19140	19596	-7904
	8060	3320	-5036	-16924	17341	-8993
	8312	5872	-1540	-14150	14470	-6533
	8976	5196	-1296	-10832	12798	-5682
	9172	5808	4372	-8871	8292	-6621
	10016	7476	-2012	-7411	4756	-4985
	10604	9108	-2304	-4969	5205	-4211
	10624	11656	-4940	41	2853	-1782
	10388	9136	-1788	-1759	3567	1499
	10616	7016	1312	3559	-1988	963
	11292	7556	-5836	4000	-5637	1972
	11124	7832	-8272	4662	-4582	2582
	11376	3332	-5832	545	-3701	2065
	10768	3000	-3620	236	-5263	-217
	9300	8708	-284	6467	-8661	424
	7916	12540	-3060	13784	-11294	6000
	6364	7600	1760	22613	-14154	13913
	5784	2028	1944	27792	-22649	14601
	3916	3532	-1888	32767	-28016	19961
	2868	-5532	-7260	32767	-32768	20103
	3572	-9020	-15196	32767	-32710	16976
	2292	-8752	-16288	25416	-32768	14396
	2900	-12412	-27884	32511	-32768	11335
	3344	-8684	-32308	31414	-22276	11756
	-30800	19556	24560	-32768	28679	2650
	18728	-21780	-32768	12707	32767	19491
	5964	4048	6408	-2115	-13960	358
	1596	960	-32768	-9203	-32768	-1300
	5540	-7604	-6820	21560	-309	4258
	3816	-2172	-10056	11988	-10596	-5385
	4524	-1656	-14196	6735	-3631	-2116
	3740	-3272	-14160	3940	-2130	-3227
	4620	-1308	-18252	1827	19	-1559
	3804	-4116	-13760	445	131	-1150
	4468	-5900	-16056	-812	251	-1907
	3164	-4624	-16408	-1414	186	-700
	4408	-5688	-14496	-258	641	-11
	4548	-3804	-17096	808	1505	1235
	4472	-6040	-16600	425	776	617
	4384	-5980	-16016	2181	407	-1515
	2800	-2600	-14664	1545	-645	-344
	5232	-9844	-17632	3810	53	-1318
	4240	-4636	-16288	5029	-974	-489
	3816	-5556	-16144	8547	-2065	375
	6072	-10792	-29464	-2726	-6804	-2687
	4672	-7592	-25676	-6556	9901	-2411
	5384	-12544	-28688	-10745	10366	-3750
	5824	-18988	-32768	-25757	20302	-10741
	4480	-8396	-30292	-25811	27282	-13151
	3960	-4992	-27720	-24854	32767	-11059
	3792	-3700	-18928	-23218	32767	-11439
	1932	-6408	-23140	-19076	32767	-10166
	1788	-2628	-496	-19186	32767	-12312
	4908	-4872	2868	-17815	32310	-12537
	5684	600	-2884	-17004	28635	-16683
	5920	3988	-112	-20408	27442	-14332
	5864	2992	8168	-16251	24948	-13166
	6564	7064	11204	-12509	14940	-12147
	7700	11500	5644	-8797	10328	-8184
	8608	9756	7156	-7006	8115	-3947
	9600	6312	8104	-372	3379	-1602
	9404	6060	8324	2210	-257	-2040
	9452	8184	6036	1877	-4819	-2304
	9740	12792	2192	-314	-6069	28
	10632	10556	5272	3581	-8634	3797
	11108	7348	3308	8854	-12753	6231
	10872	8212	-252	8422	-14670	6440
	10092	8052	-332	6227	-16343	7993
	8860	3668	3820	9399	-21749	10647
	9792	-2788	-5420	12409	-23877	8713
	9096	804	-2344	9773	-21969	4193
	6700	7136	-4124	14020	-29386	7576
	6828	3004	-5356	17603	-32768	12501
	5976	-4816	-5776	24531	-32740	14831
	4052	-4264	-11656	29606	-32768	11618
	2804	4256	-21612	27455	-32768	13288
	3804	-5304	-24060	28630	-31739	21959
	5400	-21288	-16080	21093	-29735	14455
	4888	-11900	-28448	21477	-32768	3258
	32767	-32768	32767	-32768	-32768	3377
	3492	-30032	32767	-21506	32767	19012
	4412	4476	-12200	-8540	-11955	-3471
	7032	-3316	-19284	15190	-29619	7099
	6512	-3860	-32768	11640	-10396	-4368
	4340	3004	-13076	5536	-5467	1968
	3976	-5904	-12468	3169	-1229	-289
	2524	-6948	-22576	-6605	-2617	1722
	3572	-4068	-15764	-4107	-186	328
	4108	-3248	-16008	758	1199	-97
	4480	-4112	-15976	-285	-224	-156
	4092	-3552	-16312	-143	443	-402
	4448	-3608	-15756	297	685	-683
	4488	-3428	-15528	1103	36	-285
	4396	-3684	-16100	1076	-358	258
	4436	-4184	-15428	-540	-291	296
	4484	-3832	-15416	565	-1104	568
	4236	-4076	-15392	1722	-2649	700
	4940	-6308	-21356	9412	2045	-404
	1784	-1520	-9004	9871	-4186	-3370
	5188	-4500	-23380	424	3611	518
	5408	-6952	-18476	-1346	827	-1153
	5372	-4932	-22920	-1259	4546	-1617
	5652	-6508	-21136	-2768	6156	-656
	5832	-6724	-21112	-1236	7317	-2333
	6212	-6652	-22300	-1178	9460	-2806
	6268	-7728	-23680	-4290	11712	-3501
	6212	-9504	-27720	-7290	15776	-5002
	6156	-11792	-25068	-13269	26348	-9886
	5400	-5144	-17232	-14327	25659	-12659
	5608	-632	-19120	-14381	29995	-9792
	7016	-5096	-25476	-13773	32767	-9301
	4100	-2888	-13516	-13576	32767	-10128
	4160	-5644	1728	-14902	32767	-12883
	5300	-4856	6824	-14505	27296	-15706
	7060	104	4080	-12038	19149	-16991
	8748	1000	3192	-11010	14823	-14842
	8768	2856	6228	-10748	11117	-15600
	9392	10916	4060	-10010	5129	-13177
	10788	10332	1736	-3453	1794	-5251
	12784	3472	1440	-4343	-994	-6215
	12860	9480	388	-6376	-2283	-8406
	13644	10212	-4176	-10050	-3327	-7091
	14304	6292	-4836	-17623	-1914	-7731
	13368	7580	-1412	-19093	-3046	-10609
	12752	9104	428	-7183	-4967	-5797
	13320	3884	-2776	-11006	-7224	-8699
	12916	14528	-10212	-9335	-1987	-6008
	13780	3772	-3568	-17957	1547	-6531
	12664	5700	-740	-21314	1309	-11924
	13352	9840	1552	-26235	549	-15399
	13080	19644	-9960	-29379	4690	-11372
	12372	8276	-2072	-27488	10751	-5992
	10828	6904	6068	-21452	9244	-11273
	10492	9732	2680	-24424	7568	-11690
	9764	14788	-1208	-32768	10817	-11361
	7264	928	2672	25781	27933	-7447
	5648	19284	-756	-6301	6590	-14615
	7612	12576	5152	-9817	10412	-10715
	6200	20336	5880	-5643	8605	-7928
	6116	11216	10212	-10325	6602	-4608
	6772	8924	5252	-18312	4617	-10696
	5744	9356	6020	-30756	7837	-14069
	1468	1456	1600	8342	23386	-14349
	2824	18904	4036	-32742	8281	-19154
	2416	10688	12844	-23815	11565	-12990
	432	15084	17916	-18925	8306	-10551
	1840	8316	9124	-24978	8316	-10691
	568	9408	12664	-26733	11170	-10349
	-1084	12132	17104	-16798	8485	-8728
	-1624	9784	19100	-13298	3487	-997
	252	-776	13604	-18387	2643	-4785
	-368	10312	12900	-23741	8529	-5938
	-2324	5824	20344	-19940	7339	-872
	-840	6092	15452	-13233	4297	40
	-824	124	15224	-10715	4202	775
	-740	3840	13196	-10626	4450	81
	-2788	240	16884	-17713	4332	457
	-1564	1584	16200	-23897	5931	-1137
	-988	320	15820	-13837	4289	571
	-640	1120	13532	-5482	4044	2046
	-3008	-496	17788	-6884	3755	2912
	-2256	-3296	13308	-16708	4097	379
	-1816	-3776	16612	-18002	4553	-1383
	-2940	-1220	17564	-10883	4127	-1038
	-3364	-1592	16732	-10184	1145	336
	-2388	-1764	13620	-14137	1860	541
	-2740	-9628	11992	-20244	3246	-1665
	-3072	-3292	18120	-22593	3736	-3957
	-3456	-4524	17300	-11358	1667	-306
	-2312	-6056	12088	-595	314	326
	-2920	-6620	12464	3593	2858	1846
	-3756	-6612	16128	-3189	2448	-685
	-3632	-3404	15344	-1387	1011	1704
	-3756	-9176	12596	-3287	1790	489
	-4216	-6708	16184	-795	1620	-425
	-4436	-9776	14052	6161	-426	486
	-4028	-5908	14668	3607	-79	-885
	-3136	-7356	11664	3897	-741	-505
	-3328	-5404	14340	2323	1236	-1975
	-3652	-6372	14208	-208	509	-2219
	-2920	-4404	13316	-677	766	-2388
	-3652	-7848	14256	-1857	577	-1858
	-3204	-5652	13284	-862	3219	-3142
	-4456	-5500	17452	-3200	1290	-2739
	-3948	-9084	14612	-1002	-2606	-3512
	-2792	-6572	12140	-5212	-100	-5178
	-2908	-6952	13692	-210	3389	-4368
	-5004	-5852	20776	1200	712	-2745
	-3780	-6916	13728	4690	-3073	-956
	-4092	-6792	15316	5484	-2739	-378
	-3304	-7952	12108	6917	-3320	-1625
	-2856	-5268	14076	7087	-1476	-2971
	-2908	-3456	15364	5412	-1492	-1580
	-3420	-2092	19240	1866	-3006	597
	-1828	-7920	12512	5987	-4268	296
	-752	-1384	11364	-1162	1058	-1504
	-2004	-2380	16080	-224	325	1567
	-2916	-8632	16460	1591	-1380	839
	-2340	-5708	13944	773	-551	-872
	-2136	-4040	14852	-1711	-510	-955
	-2712	-4364	15648	-258	-33	-893
	-2844	-7268	14524	1403	-1959	-3016
	-2808	-4904	15104	753	-1687	-3343
	-2456	-5452	14064	1111	-953	-3717
	-2252	-6492	15368	4009	-1774	-3778
	-2168	-3788	15700	4794	-2487	-3901
	-1724	-5112	14896	1145	-2701	-5718
	-1856	-5380	16320	1585	-2961	-4195
	-1320	-3400	18024	8926	125	408
	-148	-3056	13476	8720	224	1798
	-2724	-4008	19392	4590	2102	-2217
	-1832	-2588	18728	6951	-1036	-3210
	-2272	0	13632	3673	-1931	-3778
	-772	-1000	14764	-2263	-4031	-5892
	-8828	576	17196	3835	-2036	-4829
	-504	-4660	14516	3510	-1025	-2258
	-1164	-1732	15484	2893	2072	-1656
	-1136	-1552	16128	2571	1271	-1734
	-4572	76	14084	8361	3624	-2212
	-3472	-732	17756	9956	1150	784
	240	-1252	17020	5486	-3146	2670
	-332	-2528	16364	-3541	-6706	4106
	-48	-2100	15444	-2461	-4046	414
	-620	-2160	12840	2810	1915	-850
	-236	-4816	14912	-239	2997	-2097
	-760	-1904	13488	-2518	3899	-4349
	-1364	-604	15616	-4277	2526	-2523
	-1200	184	17960	-6022	381	-752
	-1060	-96	19172	-310	-4284	1650
	-196	-2292	15328	7262	-5770	2985
	-1156	-2556	14732	4419	236	-239
	-660	336	16136	-633	-340	594
	480	-2424	16172	-3396	-3806	-957
	-296	-4132	15832	-3405	-292	-2620
	-624	-1636	13468	-5245	508	-2550
	-1136	-1904	17744	-2657	978	-1859
	-556	-2676	16332	-2691	1400	-3800
	-56	-3892	15896	-4019	82	-2698
	-1220	-836	15232	-1292	1475	-4643
	-268	-2404	16796	-4147	210	-3456
	-956	-1224	16660	125	78	-3639
	-764	-2840	16360	425	-1001	-1183
	-172	-904	14140	4791	424	-1779
	132	-1516	14796	6906	-94	-542
	-296	-2108	16088	6852	2313	53
	-368	228	15124	3070	824	924
	-464	-2112	15264	-959	-743	2064
	168	-1780	15056	-1659	-402	1139
	-524	-1516	15308	1270	1667	231
	-504	-1532	16816	-36	699	874
	-1232	-1464	16432	-3289	-570	965
	-616	-2724	14760	-2591	56	-718
	-264	-3312	16256	333	-274	-2008
	-1012	-876	16080	-764	-2355	-133
	-896	-472	14816	487	-756	-327
	124	-1992	15860	-203	-2125	610
	8	-2776	15252	3054	-932	-620
	-88	-1888	15964	5674	-240	-1413
	-448	260	16432	4506	-269	1005
	-688	-364	15704	2408	-281	4215
	-340	-736	16732	-403	-857	5258
	564	-888	16200	1216	-1248	1801
	648	-1112	15632	1507	859	787
	-548	-1808	14244	2695	2692	-62
	-676	-1328	15168	1016	3142	-632
	-524	800	17304	-2930	2770	-2079
	-716	-204	17392	-3336	-1162	-1352
	-132	-356	16068	-2768	-1743	-1283
	-1348	-1232	14892	-2227	-353	-593
	-344	-2972	15188	-1720	-1967	-1023
	76	-3324	15444	436	-998	-4412
	-248	-1644	16032	620	915	-4991
	2044	-60	15972	429	100	-2449
	-496	-2060	15140	1237	-1522	-136
	-60	-1688	14832	2635	-1669	-604
	104	-2528	15396	2169	-1482	-931
	176	-1452	15868	1018	313	-1423
	400	-1348	14736	3945	1159	-265
	-120	-532	15116	5492	1540	450
	-608	628	17076	2822	1445	1859
	-292	616	16896	245	-282	3001
	-260	1004	16188	55	-1031	6680
	-308	-520	16208	1019	-1189	4510
	-92	-1696	16340	-1878	-862	3394
	144	-1680	15052	-664	1460	-388
	136	-1544	15428	288	2495	-1889
	-304	-388	17116	-972	960	-1915
	-76	-232	16524	-2256	-1028	-743
	-112	-1148	15088	-764	-2227	-289
	-492	-1136	15252	21	-829	-772
	172	-2060	14532	1575	2214	-3878
