-3472	-7700	13148	1	-980	33
	-3428	-8372	12972	1824	-639	1100
	-3004	-8912	12840	-397	-486	-67
	-3164	-8444	13228	-1338	-626	-945
	-3116	-8036	13228	-773	-1293	473
	-2880	-8832	13032	-1502	-1162	929
	-3032	-9524	13128	-1142	-221	216
	-3424	-9132	13736	206	326	-49
	-3436	-9068	13876	-132	181	29
	-4096	-8824	14364	864	445	230
	-3408	-8988	13980	2398	-186	-256
	-3496	-9556	14452	1540	-1603	-915
	-3768	-8772	15828	-945	-4318	-1168
	-3544	-8992	15572	-1640	-9668	-421
	-3152	-9024	13316	-6302	-11243	239
	-1772	-8316	10216	-3144	-8071	2402
	-3948	-5780	14108	520	-4903	4376
	-2356	-9548	13860	4485	-414	5752
	-1156	-11072	10232	1616	-945	3789
	-1144	-9996	8100	-3154	2317	-1806
	-1092	-10324	15080	-3377	5703	-2035
	-2556	-14944	16516	10115	3939	-4647
	-1572	-7252	14908	5044	-4788	-7312
	-728	-4768	11488	5391	-3289	-4676
	-680	-6804	11300	-409	-905	-2584
	-364	-3380	15740	-719	-187	1793
	-692	-6876	16060	-4995	-2718	3882
	-1376	-9692	17716	-7495	-2706	1584
	-1184	-9940	17056	-12538	-12961	-1097
	-700	-10112	6996	-3657	-9201	-785
	888	-14700	6696	-3903	-1627	-1774
	-1556	-9296	16932	-25096	-4930	-12693
	484	-8824	12876	-17103	-8051	-7274
	164	-8552	11840	-10502	-5798	-4018
	996	-9928	11704	-2097	-2574	-2718
	660	-11436	13892	-8161	-5520	-2876
	2612	-12488	13944	-6927	-10209	1603
	972	-8748	6028	436	-8566	1169
	1616	-10756	7120	-2887	-1382	669
	3032	-12468	8504	-419	-2771	1583
	2448	-12864	9736	-4772	-2571	1575
	1652	-12020	8740	-2330	-1639	722
	1980	-13380	10708	8996	-449	2112
	868	-12600	13268	12795	-936	3146
	464	-11396	11324	12702	-1196	2207
	1024	-10484	13160	12947	-2504	2122
	2200	-9088	12840	16093	-3697	1873
	1208	-11936	13256	21357	-4697	-2138
	-4848	-15776	29372	7599	-13192	-6340
	4080	-8980	6792	9496	-12689	-6055
	4220	-8360	10728	10300	-11723	-5523
	6036	-6932	10144	14573	-8365	-4299
	3880	-6396	8904	8180	-3139	-1028
	5324	-8132	12300	7052	-7124	-1638
	6532	-8812	12740	6317	-3344	-1302
	6348	-6828	10624	8809	710	-1250
	5004	-5928	11160	2269	5522	-95
	4788	-3420	13780	-1062	1078	1369
	4972	-5828	13700	569	2033	1032
	3064	-4712	13808	615	339	786
	4928	-6300	15848	-927	-1816	471
	6392	-7920	15100	-4381	311	543
	5528	-7624	14532	-3869	748	-295
	4372	-8140	13684	-3541	649	191
	4204	-7728	13500	209	688	-515
	4892	-7196	14448	3863	1261	-745
	5556	-6312	15036	4146	1425	-722
	4640	-5016	14432	1287	1481	-258
	4644	-5620	14216	-307	954	-82
	5536	-5972	14076	-145	533	506
	4756	-6340	14080	567	426	-517
	4480	-5508	13316	729	391	-501
	4188	-6308	13712	1752	244	-339
	4164	-5908	13328	1282	-452	-1161
	4448	-6448	14260	1172	724	-622
	4780	-6112	14856	98	1252	-714
	4616	-5676	14848	443	231	-777
	4952	-5508	13780	-90	-430	3
	4716	-5732	14836	-240	450	305
	4584	-6156	13988	338	469	172
	4220	-5828	14208	834	-279	33
	4152	-6048	14188	865	-470	-97
	4316	-5816	13632	590	-138	-53
	4772	-5752	14696	1045	265	-80
	4872	-5676	14120	272	153	-71
	4668	-5392	14508	-192	-100	150
	4844	-5956	14648	522	6	-24
	4484	-6036	13920	-89	-26	-68
	4680	-5784	14224	-324	-217	-133
	4344	-6172	14148	-321	15	-220
	4352	-5996	13884	-123	154	-94
	4460	-5384	13964	9	-104	-71
	4768	-5948	12880	1061	340	-34
	4484	-5508	14012	598	147	-273
	4528	-5596	14432	651	274	-334
	4796	-5936	14024	499	161	-187
	4652	-5864	14108	275	384	-300
	4392	-5868	14312	301	277	-416
	4672	-5384	14788	491	345	-225
	4660	-5344	14176	195	48	-324
	4768	-5384	14376	253	-40	-265
	4536	-5604	14844	1048	199	-556
	4452	-5780	14156	585	74	-388
	4528	-5776	14344	255	-55	-209
	4564	-5612	14360	177	128	-197
	4560	-5572	14708	992	6	-296
	4420	-5480	14324	580	95	-265
	4520	-5588	14244	355	130	-175
	4488	-5496	14332	149	47	-291
	4520	-5520	14476	300	103	-303
	4604	-5332	13936	458	-108	-201
	4660	-5296	14060	34	-326	-75
	4288	-5336	14760	-5	277	-108
	4428	-5556	14280	418	442	-143
	4640	-5592	13872	446	659	-23
	4576	-5160	14992	464	745	-140
	4304	-5348	14736	348	473	-279
	4340	-4848	14584	7	-48	-306
	4276	-5228	14380	-12	-6	-94
	4476	-5212	14452	-136	-128	-86
	4416	-5216	14164	-233	-92	29
	4308	-5376	14256	-255	-202	-47
	4704	-5024	13716	536	315	-18
	4656	-5120	14924	-417	-48	-162
	4444	-5216	15064	-444	151	-180
	4428	-5336	14488	-480	257	-140
	4444	-5280	14316	-250	-32	-167
	4428	-5280	13980	-62	-57	-158
	3704	-5844	13960	-36	-197	-159
	4340	-5524	14224	38	13	-33
	4508	-5120	14644	66	31	-79
	4424	-5420	14488	-224	111	2
	4420	-5460	14708	-202	-101	-122
	4372	-5440	14580	-396	-191	-171
	4440	-5224	13956	-426	-318	-42
	4516	-5184	14084	-405	-268	-67
	4424	-5524	14408	321	-4	3
	4252	-5640	14256	-148	-56	41
	4308	-5384	14500	-218	-53	22
	4340	-5536	14272	-498	-75	121
	4308	-5656	14480	-1065	-12	291
	4584	-5420	14276	-1139	210	326
	4056	-6112	14016	-1478	146	394
	4644	-5556	13944	-1480	300	501
	4904	-5792	14592	-773	429	-3
	4284	-5656	14228	-861	575	-1
	4380	-5312	14340	-499	370	-92
	4440	-5896	14640	67	348	-187
	4316	-5868	14668	354	415	-175
	4364	-5668	14276	-174	342	-144
	4192	-5560	13836	43	275	-168
	4316	-5776	13964	-205	237	-198
	4428	-5800	14200	62	7	-235
	4044	-5828	13876	325	284	-379
	4216	-5920	14248	-134	425	-79
	4900	-6024	15068	-1006	-212	358
	4528	-7200	14792	-723	327	-175
	4256	-6104	14280	-1183	405	264
	4184	-5896	14172	-1169	202	122
	4120	-6444	14016	-944	1042	101
	4212	-5892	14464	-1610	425	260
	4016	-6152	14220	-926	409	192
	3804	-6332	14092	-793	456	49
	3820	-6520	14032	-1441	375	43
	3840	-6368	14092	-665	578	-70
	3692	-6348	14060	-81	438	-196
	3812	-4972	13668	1021	9202	-3574
	3408	-5208	16732	536	10412	-1362
	3132	-5484	16460	-221	2823	-1816
	3296	-6692	15344	-923	-170	1281
	3344	-6564	13980	-1667	-2371	797
	3284	-6636	13504	-577	-3473	296
	3224	-6988	13248	149	-2349	179
	3608	-6480	12088	614	-3803	-375
	3528	-6336	14264	367	-2247	-679
	3892	-6092	14020	1	-1113	-442
	4136	-6388	14260	-298	270	-247
	4120	-6084	14448	-1180	984	193
	3232	-6272	14812	-839	876	371
	3896	-5904	13600	-834	789	-4
	4364	-6236	14340	-1707	1679	482
	3440	-7280	14320	-2388	912	671
	3028	-6880	13636	-2088	1318	135
	3468	-6460	15600	-2600	738	-389
	3780	-6496	12992	-1953	497	-300
	3340	-7104	15508	385	613	1429
	2972	-7144	13532	214	-715	687
	3312	-7688	13396	-902	-359	259
	2516	-5116	13628	26	2335	13
	3408	-6832	16496	-745	500	196
	3472	-6800	14468	-92	636	911
	2824	-6676	14148	-169	-1546	728
	2540	-6832	13360	341	-302	475
	3284	-7580	15360	252	-240	968
	3372	-5712	14400	723	1288	1101
	2816	-8620	13140	847	2332	957
	2660	-6708	12768	1331	2602	391
	2500	-7024	14320	473	1392	82
	2884	-6292	13024	-536	2146	289
	2768	-6992	14128	-661	2199	892
	2624	-6908	15108	1347	1656	575
	2348	-7296	15300	2390	-4	544
	2332	-6232	13660	1732	57	351
	2328	-6592	13136	-1902	805	248
	2844	-6464	14160	-3212	1384	-659
	2868	-6920	15832	-412	885	195
	2544	-6728	14276	1806	-1324	563
	2592	-6764	13564	-182	-733	351
	2620	-6360	13672	-763	-793	-472
	2340	-7180	13616	-399	106	-144
	2832	-6872	15260	-1279	857	-469
	2492	-7672	15424	522	-778	-985
	2312	-6572	14032	832	132	-491
	2556	-6908	14296	796	-368	-424
	2832	-7124	14200	102	4	-943
	2556	-7044	13716	-27	85	-670
	2536	-6648	14100	-197	348	-522
	2576	-6668	14564	528	91	-206
	2600	-6772	13744	781	-308	-160
	2484	-6936	14012	287	-204	-394
	2664	-6780	14648	8	-487	-531
	2504	-6680	14232	561	-379	-375
	2700	-6712	14328	327	-51	-154
	2784	-6960	14104	83	62	-145
	2580	-7088	14680	-432	-270	-650
	2620	-6564	14240	-399	-483	-529
	2596	-6616	13828	-317	-198	-313
	2808	-6524	13880	-88	195	-98
	2668	-6632	14400	103	-41	-77
	2716	-6728	13956	329	-123	-147
	2640	-6696	14500	41	-407	-179
	2616	-6788	14092	309	-80	25
	2784	-6824	14132	356	266	3
	2736	-6756	14228	228	238	-54
	2680	-6528	14424	299	117	-180
	2640	-6572	13868	267	150	-169
	2764	-6668	14460	287	233	12
	2624	-6716	14660	-160	89	-23
	2636	-6388	14384	-79	-350	-81
	2716	-6592	14316	-102	-333	-205
	2748	-6456	13920	127	80	-179
	2716	-6500	14228	112	51	-161
	2572	-6564	14544	-14	87	-50
	2628	-6632	14228	-93	158	-94
	2604	-6740	14144	192	135	-59
	2684	-6588	14312	128	-169	-144
	2700	-6680	14072	194	-37	-84
	2676	-6540	14412	134	285	-24
	2496	-6352	14208	201	113	-8
	2616	-6420	14144	456	395	-83
	2712	-6616	14620	17	-95	-89
	2648	-6676	14376	221	-266	-84
	2740	-6576	14128	271	113	-144
	2564	-6488	14340	240	166	-128
	2544	-6436	14300	247	23	-186
	2692	-6440	14420	142	96	-108
	2936	-5240	13940	-718	-537	-5
	2620	-6740	14392	27	219	-80
	2648	-6440	14168	215	237	-14
	2664	-6616	14460	190	-132	-60
	2660	-6552	14572	120	-354	-91
	2716	-6488	14052	156	-455	-48
	2616	-6364	14388	-21	99	-46
	2652	-6304	13896	176	328	8
	2540	-6632	14420	195	111	-44
	2596	-6568	14036	-33	489	-178
	2524	-6536	14808	-34	-147	-203
	2512	-6548	14400	113	-165	-87
	2580	-6400	14152	-24	36	-121
	2616	-6272	14200	-52	258	-130
	2620	-6192	14296	202	258	-205
	2556	-6500	14008	339	273	-413
	2612	-6408	14524	511	156	-326
	2676	-6432	14296	97	-409	-202
	2756	-6440	14492	-24	-353	4
	2724	-6436	14044	14	-532	-100
	2584	-6496	14080	-23	-208	-168
	2572	-6432	14280	161	131	-116
	2616	-6632	14080	207	187	-86
	2476	-6552	14620	-92	169	-183
	2764	-6292	14272	306	395	-73
	2632	-6324	14208	344	-134	-58
	2492	-6260	14408	160	-227	-107
	2612	-6420	14060	91	194	24
	2640	-6332	14664	144	362	50
	2584	-6516	14876	66	-239	-175
	2632	-6292	14364	129	-212	-275
	2548	-6224	14092	-37	-332	-243
	2712	-6156	14156	133	130	-129
	2620	-6344	14444	35	222	-111
	2584	-6932	14760	59	147	-198
	2436	-6304	14892	49	-47	-152
	661	-1561	3623	-18	-21	-72
	669	-1552	3600	17	-124	-75
	676	-1533	3533	28	-69	-39
	668	-1558	3559	3	73	-24
	665	-1599	3575	-23	152	-57
	655	-1574	3705	-19	-11	-71
	673	-1558	3630	-67	-71	-51
	689	-1536	3522	22	-71	-39
	684	-1561	3541	86	124	-72
	645	-1578	3659	92	53	-90
	648	-1544	3672	60	-95	-58
	691	-1549	3630	19	-171	17
	660	-1540	3535	-44	-152	11
	655	-1581	3600	23	-64	-78
	675	-1559	3616	38	63	-102
	690	-1558	3654	-32	-52	-81
	696	-1552	3636	-150	-273	-34
	692	-1522	3613	-61	-238	-45
	706	-1550	3538	-72	-232	-61
	700	-1574	3593	17	-161	-71
	680	-1491	3816	-187	-619	-101
	588	-1621	3696	-300	-1127	-121
	696	-1620	3627	-284	-2060	70
	830	-1504	3308	-177	-1308	78
	739	-1231	2960	-659	1895	-1164
	820	-1555	3728	-287	1102	13
	823	-1622	4133	-230	-1307	-127
	712	-1326	3608	357	487	400
	753	-1467	3868	258	136	114
	852	-1540	3598	-11	-192	97
	850	-1460	3769	-154	7	165
	863	-1700	3422	56	-156	91
	785	-1688	3398	-110	-79	-59
	761	-1638	3402	-84	100	-47
	757	-1681	3464	111	-35	-38
	722	-1596	3571	150	12	84
	771	-1524	3563	325	31	68
	669	-1273	3757	-51	-126	-88
	722	-1520	3875	-5	-57	69
	733	-1523	3713	-138	-63	48
	819	-1490	3581	-311	-20	80
	770	-1555	3569	-332	-199	109
	790	-1608	3505	-399	-106	75
	816	-1659	3706	-179	-134	17
	781	-1553	3580	-186	-88	83
	793	-1592	3530	-323	-119	-48
	771	-1559	3621	-164	-22	-1
	839	-1667	3188	-543	-59	-832
	1022	-1704	3121	-539	3888	-688
	540	-1745	3844	-675	3774	-285
	683	-1509	3907	-717	1644	-408
	665	-1658	3862	-472	1238	887
	426	-1707	2554	-532	268	525
	583	-1715	3574	-408	-629	-27
	571	-1654	3597	-72	-1999	-278
	723	-1368	2835	319	1539	723
	476	-1688	3574	-208	2655	546
	513	-1534	3144	-535	4308	-90
	612	-1270	3390	-1135	3294	-34
	439	-1789	4155	17	1591	873
	204	-2023	3802	-281	627	427
	172	-1944	3460	-410	441	-467
	111	-1785	3365	-330	807	-1025
	210	-1899	3568	-152	627	-431
	297	-1766	3328	-192	1424	-388
	333	-1642	3297	-1552	1431	-319
	154	-1726	3936	-1495	927	140
	-309	-3209	2570	-4581	1247	-1008
	8	-3224	3857	-17142	1723	-4604
	-149	-1836	3660	-11269	2673	-5053
	-113	-1493	4469	-4065	123	-1333
	91	-3085	4262	3509	-1559	86
	62	-3522	3501	4771	-2785	-1266
	221	-2510	2546	2820	-1957	-2263
	155	-2323	3331	1967	-1163	-1695
	168	-3070	4038	1054	-1428	-1806
	116	-3586	4599	5533	-3204	-2952
	336	-2809	3223	10413	-4452	-3891
	269	-1995	3192	15088	-3711	-2875
	631	-2172	3716	14463	-4065	-2043
	677	-2267	3664	13019	-5543	-3221
	704	-948	3295	15763	-4690	-3340
	959	-484	2930	16914	-4609	-2560
	1131	-796	3295	17807	-5202	-3060
	1162	315	3115	18974	-5914	-2857
	1454	465	2397	16005	-5429	-2671
	1425	1737	3764	14735	-4701	-2774
	1425	1291	4158	17259	-7353	-699
	1705	1425	2641	23868	-7872	-429
	1491	1404	2738	24510	-8558	336
	1736	1817	1735	16989	-10035	-587
	1775	2990	1033	15963	-8729	168
	2017	2284	554	17548	-7836	929
	1969	2448	906	17076	-7942	430
	2033	3397	593	17228	-8936	1081
	2116	2752	-467	16205	-9705	2383
	2540	1879	-1837	13483	-7935	931
	2278	3392	-1181	14418	-6020	553
	2394	2756	-1065	14136	-7238	1953
	2429	2693	-2373	11617	-6891	2165
	2485	2044	-2413	7189	-6657	1982
	2342	1623	-2462	8321	-5416	941
	2425	2717	-2285	12564	-5552	792
	2423	1645	-3038	14893	-5888	2201
	2158	1338	-3715	12722	-4500	1766
	2325	615	-2938	6963	-6035	828
	2515	1732	-4512	8786	-5116	-699
	2059	2181	-2879	10916	-3379	1934
	2191	390	-3402	10221	-5296	2242
	2112	194	-4535	7546	-3124	831
	2023	631	-3417	3804	-3171	-4
	1929	1247	-4426	4875	-1915	899
	1985	480	-3854	2824	-1682	340
	2077	844	-4551	2210	-1768	502
	2149	562	-5156	818	-510	610
	2163	910	-5183	-2925	305	-144
	2075	1059	-4857	-5074	1498	414
	2129	513	-4995	-7167	1385	141
	2176	953	-5171	-9825	2836	-762
	2111	937	-4941	-15097	3978	-605
	2202	1276	-4075	-17430	4363	-1552
	2113	1899	-4419	-17392	4973	-1131
	2037	1859	-4274	-18739	6181	-1144
	1992	1966	-3314	-21744	6442	-1347
	2029	1994	-2633	-26706	7202	-2382
	1893	2770	-2329	-32480	6797	-1818
	1767	2051	-806	-29867	7539	-880
	1745	2907	782	-23553	6071	-645
	1868	2508	438	-20231	5118	386
	1784	2567	888	-17504	5446	580
	1820	2309	1842	-15074	4406	1126
	1881	2131	1458	-11802	3520	1340
	1819	1763	1722	-9657	3913	1178
	1945	2369	2040	-9665	2767	927
	2144	2554	1223	-9363	3183	1683
	1833	2372	1344	-8751	4630	3140
	1988	-484	3728	-11756	4095	914
	1925	3738	1578	-10024	3709	1266
	2086	1856	1853	-8587	4953	2908
	1217	1634	2132	-8380	5970	4657
	1849	-1533	4745	-14198	4691	-748
	1593	3067	3298	-11754	4438	2338
	1605	878	3744	-9059	4016	3637
	1210	-4	2496	-9591	4461	4520
	1398	-1265	3409	-12661	5173	1777
	1169	474	3760	-9889	4610	2048
	1206	250	3837	-7944	3310	2919
	1321	536	2111	-8033	3721	3801
	938	-1882	2123	-13310	7515	4325
	710	-2006	4948	-14708	6527	1265
	423	-1001	5156	-9310	3379	3146
	473	-1229	3349	-6056	2223	4264
	430	-2464	2975	-6276	3638	4451
	340	-3510	3990	-5126	3965	2550
	-82	-2409	5336	-3538	1966	1474
	74	-1952	4720	-276	-894	2021
	277	-2859	2515	1046	-513	2288
	144	-3680	3629	-731	1359	684
	-119	-2642	5147	1066	-683	-796
	-40	-3141	4781	4125	-2727	-733
	256	-2278	3368	6094	-3508	-1354
	420	-2671	3650	8568	-2930	-1753
	218	-1758	4623	9960	-3444	-1761
	158	-1900	5207	13086	-5839	-1567
	320	-1345	4450	15960	-7753	-1338
	582	-2099	3640	17352	-7593	-1849
	708	-1079	3343	17568	-7387	-3381
	902	1273	3705	15386	-7750	-3068
	882	428	4380	18564	-8724	-66
	1329	-1131	2921	19124	-10759	-2214
	1593	489	1527	19160	-9321	-3520
	1586	3039	2045	17917	-7603	-2675
	1681	1670	3217	18832	-8980	-384
	1785	1455	1639	21540	-10549	-517
	1773	1108	1386	22393	-9884	-586
	1958	3477	529	23921	-10168	-659
	2037	3449	-471	23535	-8487	2976
	2334	1336	-442	18442	-8386	2074
	2291	2005	-1088	17795	-7503	1229
	2368	3103	-1497	17045	-7900	804
	2510	1880	-2150	18048	-5760	3437
	2455	1644	-1906	16972	-5914	1759
	2384	2155	-2157	17536	-5450	2169
	2299	2496	-2657	16508	-5605	3637
	2518	-662	-3381	12841	-4952	2811
	2293	819	-3003	11782	-3852	90
	2081	2654	-2890	12549	-5273	1708
	2250	197	-3853	13953	-5510	3086
	1986	-478	-5173	12659	-4473	1478
	2030	737	-3950	11216	-4684	258
	1811	1017	-3194	12146	-4862	2298
	1774	-441	-4396	10696	-5122	2751
	1700	-1494	-3741	8756	-4970	1323
	1657	-345	-4049	5084	-5562	5
	1579	122	-4983	4425	-4994	1320
	1634	-1181	-4509	2053	-3309	740
	1506	-1056	-4110	6	-3073	-363
	1409	-183	-4713	1448	-3310	-247
	1460	-830	-5604	2193	-1550	402
	1377	-390	-4681	-456	-514	-298
	1392	-509	-5209	-1580	59	-374
	1375	-318	-5160	-1888	994	-203
	1407	-315	-5037	-3722	1119	-254
	1356	-272	-5544	-6557	2533	43
	1415	-330	-5843	-9279	3423	-333
	1475	-1040	-4844	-7724	5770	-333
	1429	398	-3759	-8215	4071	-870
	1526	870	-4893	-12603	3975	-96
	1664	16	-5223	-16611	5649	59
	1731	174	-4522	-16727	6836	-500
	1827	815	-3274	-17115	6847	-778
	1829	1751	-3200	-19300	6648	-653
	1882	1964	-2909	-22903	6391	24
	2071	1447	-2907	-22282	6399	56
	2138	1849	-1807	-19834	7439	57
	2113	2371	-1055	-17906	6173	239
	2228	2407	-877	-18377	5448	778
	2306	2302	-1447	-20607	6083	570
	2399	1957	-75	-20350	5976	99
	2332	1960	564	-15651	5333	-221
	2347	2990	626	-18086	4006	-430
	2359	2863	-51	-16941	5550	1402
	2385	1854	835	-14839	7135	1684
	2264	590	2963	-9637	6598	1284
	2052	1961	2691	-6690	4279	149
	2299	2278	1363	-6487	3367	773
	2225	1687	505	-9583	7063	952
	2074	1087	2322	-10207	7736	471
	1799	1517	1994	-10203	8128	-185
	1734	1621	2531	-11064	8277	-430
	1671	1118	1916	-12276	8729	-97
	1340	1259	2489	-12246	10980	105
	778	-541	4831	-13875	10216	-435
	776	1271	4658	-13568	7428	-1990
	886	-596	3895	-11922	6753	237
	525	-376	2951	-16454	8060	-822
	415	-1132	3474	-20364	9567	-1299
	19	-1364	4918	-19672	8010	-728
	2	-2240	5191	-14915	4776	-849
	-42	-1500	4394	-12504	3367	-1098
	-72	-1620	4065	-10506	2774	5
	4	-2150	3541	-6038	2372	325
	-101	-2084	4020	-5136	2837	228
	-179	-2378	4830	-5590	1591	165
	-114	-2408	4458	-3469	-220	-320
	-134	-2178	3755	-2027	-386	128
	-295	-3233	4330	-357	-667	488
	-355	-3728	4610	2168	-1981	-1131
	-333	-3436	4510	5421	-3299	-2056
	-241	-1982	4849	8505	-4458	-2476
	-105	-1852	4388	12266	-5993	-388
	92	-3221	3699	11954	-5654	-269
	-50	-2278	5181	10707	-6462	-2592
	-13	-547	5450	17933	-9082	-331
	-94	-243	4717	26180	-9862	4379
	427	-1988	4106	27270	-9873	5449
	776	-1553	3392	27904	-9446	4586
	1253	-674	2580	28194	-9026	4603
	1165	1200	2895	24770	-6874	3229
	1245	2343	2299	29714	-6813	5948
	1478	1355	2721	32767	-7378	9828
	2766	-1710	-991	21922	-7548	5307
	2430	2410	-188	15702	-3751	1960
	1947	3614	991	15515	-3865	4280
	1231	5401	1412	29459	-3729	9834
	2313	609	-83	31674	-5000	17645
	3437	-2721	-1304	21173	-1709	8541
	3477	-1606	-1142	7410	-2091	-2557
	2785	6378	459	10632	-703	-2262
	1956	4381	-1061	25155	-3881	11048
	2243	2331	-1996	22648	-3872	15347
	2827	-1042	-796	14266	-8706	15604
	4283	-5870	-3385	9216	-8595	7495
	3405	-382	-2225	5867	-3406	-38
	2915	-928	-1070	10330	-7986	601
	3090	-83	-3689	13827	-5840	120
	2625	1292	-2165	15691	-3573	2440
	2792	-916	-3284	9668	-3931	5214
	2979	-1883	-3003	5937	-5194	2751
	2874	-487	-3500	8364	-3494	2893
	2815	-1975	-3231	12016	-2902	3442
	2770	-2001	-2093	15853	-3639	3235
	3040	-3081	-3320	15385	-4727	2961
	2944	-838	-3618	10553	-4475	2961
	3348	-4039	-4032	5612	-2528	4269
	2597	-4118	-762	12383	-4677	-768
	1929	-2999	-3567	18282	-5112	874
	1906	-3499	-2088	25607	-4607	1577
	2242	-4735	-2791	27863	-5343	697
	2369	-5230	-2640	27444	-4224	-1299
	2063	-3097	-2590	26435	-3917	-1928
	1812	-4176	-745	25424	-3653	-487
	1863	-4424	569	21710	-5642	-1099
	1603	-2858	-766	20669	-5842	-1756
	1775	-2755	-3131	17322	-5090	-417
	2579	-4217	59	7036	-1844	720
	1421	-2999	821	10390	-437	-1585
	1946	-3808	638	15555	-774	446
	2008	-4498	1682	12774	-1473	-169
	2330	-4071	2000	15226	799	-69
	2501	-5630	2680	18028	-687	-741
	2166	-5086	4612	15383	-4727	-5035
	1882	-4155	3010	21860	-9433	-6139
	2324	-3703	1181	17557	-6548	-7103
	1762	-653	3492	13638	-7045	-7031
	1846	-2189	4979	10547	-11677	-6204
	2064	-841	-12	15466	-14848	-4894
	3052	-804	-2254	13035	-6576	-5158
	2986	-966	2312	8873	-5081	-5275
	3055	-408	624	12242	-7387	-5196
	3427	-207	-259	8050	-4786	-4436
	3532	789	604	7936	-3553	-3491
	3634	-48	2037	8583	-3114	-2956
	2869	-445	930	12016	-3144	-3180
	3867	1153	1185	7407	-2879	-1894
	3549	1688	1886	5024	-2886	-1799
	3818	169	1542	5525	-3641	-836
	3747	1095	845	4973	-3358	-625
	3725	706	728	4605	-4214	-797
	3625	950	106	3535	-2739	-237
	3423	2153	648	2601	-1894	453
	3443	1449	-97	1300	-2431	1380
	3231	1914	-1539	-2969	-1160	2617
	3359	-97	-1437	-6954	1150	3076
	3369	-321	-1010	-9080	2460	2176
	3216	578	-587	-14139	3895	2546
	3588	-333	-1040	-20047	3530	2535
	3539	-2154	1189	-21128	9015	3048
	3703	-1296	2903	-17312	4196	916
	3229	2599	2138	-15150	659	2802
	4170	-1995	-1191	-17785	1051	5507
	2898	908	-1413	-14493	7230	6850
	2705	-3006	524	-19322	7949	9075
	3128	-5069	-823	-22922	7532	7115
	2912	-5298	-2163	-22695	10798	1659
	1505	-1351	-2904	-28090	13289	3726
	613	-4110	440	-23030	18059	9398
	2020	-12083	641	-24822	16737	4406
	1016	-3673	3612	-26125	14417	-875
	1278	-3252	-129	-28274	10776	4621
	1115	-6382	-240	-30144	12678	6398
	2187	-10471	1578	-15462	10026	876
	1949	-4575	421	-16944	5579	-1045
	2138	-4136	-1122	-16144	7579	-1706
	2369	-5487	-1853	-17699	6283	-413
	1605	-5200	-542	-18080	8469	-2335
	2610	-4957	-2342	-17595	6994	-3563
	2573	-4940	-2737	-20770	10493	-5743
	2125	-1639	-879	-26855	10426	-5068
	2331	-1868	-2413	-32346	9453	-458
	2934	-4985	-3901	-26829	10311	-572
	3063	-6187	-2926	-23759	11098	-4718
	2305	-1705	-3368	-26248	14522	-6390
	2733	-2149	-1226	-32768	11440	-3772
	2766	-1284	-413	-32768	8412	-3050
	3232	1531	-3056	-32768	5865	836
	2861	-936	-1630	-32768	8192	7339
	3380	-1828	-2318	-32768	6744	5594
	3233	-338	-1249	-27155	7091	4979
	3486	-404	-545	-25908	6830	4723
	3370	96	-683	-29034	4726	4285
	3527	-441	-122	-20484	4471	4698
	3405	-710	-896	-14385	5422	3869
	3087	-380	-445	-17645	7768	3733
	2951	-770	188	-20569	7524	4166
	1132	-4491	-1190	-19860	6762	3184
	2393	-2088	-3862	-14546	10396	2202
	2171	-1491	-1503	-20750	15939	2095
	1459	-2988	3168	-16834	15837	2829
	1998	-882	2902	-2840	11684	1371
	1993	-1094	-1361	-2675	12076	2436
	1551	-1789	468	-5667	21308	2320
	909	-2294	6171	-9835	19181	2566
	2114	-3718	6355	-5357	10413	-755
	1804	-645	-850	-221	8385	-912
	1677	-805	3140	-1705	15018	803
	1698	-3097	5772	-5319	10890	139
	2073	-2080	3568	-2381	7860	-1413
	1946	-856	5234	-1469	7278	-2
	1891	-2020	4566	4872	6794	663
	1731	-2621	5003	4623	5403	-1113
	1445	-1944	6091	1908	2806	-1883
	1466	-1428	5454	4637	-108	-2115
	1588	-1060	4720	8037	-762	-2016
	1346	-723	4605	11667	-1645	-2050
	1246	1038	3457	10212	-4223	-1167
	1376	1118	-16	3360	-891	2287
	1333	319	-330	-4258	6053	2808
	825	371	1717	-7220	10098	3803
	338	-1112	-168	-158	11291	5019
	-1192	-1469	-692	-6668	20430	3587
	-2509	-3028	5589	-12266	23965	2881
	-1972	-3334	7915	-2618	16757	408
	-1672	-9	4120	11305	10420	1847
	-844	3273	-8824	29453	-7240	5518
	-1345	977	3921	9715	2412	-786
	-2036	1319	2707	125	3625	2383
	-1026	-1383	3701	-1791	-783	711
	441	1194	3867	1612	5608	-1584
	-1110	415	5373	-11025	3428	-1922
	-1554	-1229	7279	-6254	2513	-305
	-1655	-1391	5946	6444	-6851	-723
	-958	-992	3624	10256	-7184	-1576
	-1127	1041	5103	5980	-6276	-362
	-1259	-971	5144	8410	-9314	1063
	-863	826	3958	13504	-9858	-18
	-719	1167	4256	11952	-11464	1301
	-8	653	2411	10788	-11101	2004
	212	1569	2723	2765	-7686	679
	719	1872	2149	376	-6835	957
	786	1410	2081	824	-4784	2019
	963	1084	2328	539	-2922	1539
	994	889	3010	939	-2912	1242
	1113	1007	1977	-1052	-1415	1065
	1175	455	2698	-2932	-233	274
	1137	774	2263	-2243	802	-55
	1026	1193	2973	-1119	2673	130
	906	1007	3678	312	1700	672
	952	928	2603	410	2108	503
	953	1263	2052	-730	3951	365
	847	1660	1231	-3379	6038	812
	290	-31	-291	-8069	11384	1399
	-947	-2394	517	-14129	18140	-1830
	-1930	-1643	2203	-12727	21104	-4164
	-2727	829	5090	-18042	21739	-3820
	7727	-3273	-32768	-32768	-5857	-4033
	6260	-16682	-4826	-16870	-21214	-2807
	-1324	-426	14644	6712	-4460	-1874
	-164	-625	3199	1870	1776	-378
	-501	-697	2913	2336	2263	-1317
	-628	91	3547	-1318	2138	-1534
	-787	524	4178	-1739	2927	-674
	-958	-6	4110	201	3180	-890
	-910	511	3959	984	4106	-69
	-1179	-77	4071	-1998	3818	1525
	-1551	-1168	7532	2427	-899	631
	-1632	148	6277	9246	-7933	634
	-2117	-236	5839	8514	-8772	850
	-1306	-382	5356	9790	-12659	-218
	-700	-139	2342	7068	-11100	-898
	-179	1989	3593	3297	-8496	-2085
	-311	1756	5293	4754	-10919	1486
	27	357	2073	11059	-11785	2393
	922	-112	52	7302	-7941	356
	957	1815	1284	902	-3486	-385
	957	2089	3273	-3020	-2375	625
	1090	1027	2433	-617	-3676	1367
	1338	901	610	-1197	-691	359
	1160	599	1722	-2822	4040	139
	837	1262	4608	-1901	3359	-664
	839	1514	4188	903	71	759
	1143	1097	883	-2072	3082	449
	582	353	2767	-6949	7171	940
	431	-180	2581	-8181	7051	-895
	238	-63	894	-8017	10067	-1178
	-163	619	725	-5173	13888	-1628
	-1545	1556	1178	-7245	17068	1339
	-2316	-5417	3616	-16837	19927	763
	-551	15708	-12843	32767	-32768	30233
	-12640	1166	-32768	-15464	-23385	-10407
	-3190	410	4979	-981	816	594
	-904	276	3842	-430	813	142
	-630	-369	3807	-246	493	-550
	-499	152	3913	-862	1117	-1104
	-1148	29	3839	-84	143	-131
	-1126	-332	3795	288	-450	17
	-781	-19	3864	37	-66	-106
	-661	-14	3892	29	-24	-72
	-759	-107	3863	-499	627	224
	-677	-81	3866	-18	-72	134
	-672	-12	3910	15	-3	-187
	-764	-45	3889	-36	55	-187
	-740	-41	3917	-27	26	-218
	-784	-3	3863	-19	379	-25
	-668	-16	3949	-37	271	42
	-777	-68	3894	-26	602	60
	-698	-23	3874	39	1114	151
	-652	15	3865	83	2062	-409
	-985	300	4019	2402	3101	30
	-1114	-303	4329	103	5181	-174
	-1229	-253	6684	-2675	370	-1858
	-1387	868	7037	3313	-6824	-724
	-1096	777	4598	2062	-7250	85
	-880	-592	4716	-529	-8295	101
	-685	865	4270	-71	-7247	83
	-688	762	5937	-72	-8683	1118
	-177	27	3907	6062	-10676	1780
	40	-78	2691	3718	-9908	1837
	278	269	3192	3223	-7890	2081
	570	167	2891	1703	-6773	2002
	626	619	3579	270	-5599	1756
	774	433	3495	879	-6846	2154
	1156	311	1849	3324	-5727	2498
	1308	-300	1137	-1592	-2977	2072
	1257	518	2454	-4138	24	891
	1238	-204	3713	-5498	-402	726
	1156	-60	3781	-4135	-1147	1019
	1308	-469	3037	-3600	-1093	93
	1367	-437	3072	-3774	116	310
	1330	10	3723	-3942	682	77
	1239	377	4453	-3567	56	1201
	1317	-28	3629	-1902	-791	1868
	1399	-687	3144	-2625	257	1419
	1264	-891	4217	-1950	1415	921
	1583	-85	6251	1957	-2356	819
	1159	369	5852	11123	-3709	2679
	1000	-937	4919	14937	-5015	4882
	1170	-838	5524	23447	-6432	4195
	1522	-599	3720	24428	-8593	4672
	1933	-174	2067	23370	-5715	3084
	1793	522	3470	20132	-5706	3319
	2030	278	2684	20883	-5644	2222
	1973	1323	2345	20798	-6244	1977
	2172	2091	1739	20129	-5244	2389
	2230	2213	2565	20799	-5185	3065
	2287	2341	2075	24698	-6470	3825
	2367	1261	994	27846	-8057	4217
	2608	2174	-304	32767	-5572	4083
	2552	2398	-478	32767	-6707	5932
	2532	1764	-1609	31246	-6351	6304
	2540	804	-1327	28350	-6691	6229
	2703	-721	-2841	24026	-6921	4266
	2835	-59	-3493	29506	-3315	2144
	2634	853	-2740	31872	-3510	3440
	2458	128	-2680	28843	-3517	5479
	2523	-1214	-2191	26834	-3691	6494
	2584	-2234	-3514	23373	-4184	4995
	2340	-976	-2852	27151	-2473	5220
	1811	-991	-1171	27990	-2961	9038
	1899	-3411	-1327	26415	-3235	10317
	1737	-4876	-760	25797	-3326	8744
	1946	-5429	-1989	24366	-4891	5977
	1896	-3950	-2921	16417	-1736	3957
	1715	-4183	-930	9076	1068	3418
	1630	-4841	436	6114	-1353	3258
	1670	-4676	-405	4858	-1789	1153
	1625	-3138	-1602	4539	-1425	2032
	1501	-4369	-816	3751	998	3345
	1528	-5945	877	3555	-293	2279
	1696	-5721	-284	5671	-1864	-663
	1695	-3799	-1202	4665	-1328	-703
	1691	-4095	-1192	1058	801	-406
	1519	-4260	218	-882	1026	-364
	1633	-5034	77	-2304	-399	-1586
	1713	-3917	-1350	-3553	197	-2480
	1638	-3658	-820	-5090	2222	-2150
	1746	-4134	-117	-9021	1592	-1849
	1835	-4843	-1529	-11253	2172	-3411
	1965	-5248	-1855	-13987	3171	-4374
	1875	-4048	-1247	-16074	4261	-5225
	1844	-3303	-1138	-17758	3758	-4282
	1914	-3651	-1611	-20045	3785	-3618
	2233	-4646	-2266	-21955	3972	-4909
	2180	-3753	-2242	-19245	4896	-6473
	2055	-2162	-1630	-18986	4248	-5729
	2377	-1925	-2088	-17701	2961	-4063
	2588	-1886	-3072	-17538	3131	-3972
	2531	-1567	-3694	-17509	4760	-3630
	2578	-1682	-2933	-18199	5324	-3015
	2704	-1701	-2939	-17942	5376	-3971
	2913	-632	-3224	-22779	5157	-5251
	2899	-89	-2704	-29207	4917	-3812
	3055	-681	-3513	-29208	5616	-3972
	3083	389	-2959	-32768	6083	-4611
	2802	2055	-1834	-32768	5688	-3018
	2901	1998	-1666	-32768	5714	655
	2920	114	-283	-32768	6837	3042
	3066	161	877	-32768	5374	2079
	3163	1026	929	-27710	5078	1945
	3082	1013	2622	-15060	4789	2438
	3240	1147	2160	-7931	973	2344
	3312	2683	-243	-7109	2980	3272
	2998	1438	756	-10763	4441	5250
	3084	-445	948	-10642	4398	3764
	3034	959	923	-11508	5794	3088
	2968	705	1908	-11843	5725	4141
	2846	923	1723	-12074	4894	4764
	2400	825	911	-14536	7737	7298
	2403	-1015	1332	-13829	9071	7183
	2091	-1005	2612	-11960	7912	7244
	1601	-521	2920	-14238	6889	8227
	1608	-2442	1137	-17003	6510	9040
	1604	-2806	688	-15035	7904	7812
	1026	-1568	2085	-15981	9132	9090
	424	-2680	3355	-18796	7742	11425
	593	-5766	1836	-19611	5517	9507
	359	-4939	1206	-20515	5906	7598
	380	-5236	2001	-15241	6433	6314
	53	-3861	3079	-13428	2624	6451
	125	-4555	1744	-7919	-42	6841
	230	-5474	-824	-6725	668	5419
	53	-4491	-210	-7195	3580	3534
	35	-3810	1837	-14722	3655	4201
	16	-4067	1197	-6811	9	4851
	-30	-3804	1218	-303	-311	4807
	-429	-5969	-125	-896	178	4645
	-441	-6598	1235	-968	1178	1115
	-500	-5497	1115	3281	-1366	-639
	-446	-5003	37	5200	-966	-1562
	-429	-6122	-585	7098	28	-2266
	-444	-5407	1307	8693	544	-4637
	-285	-5069	1400	11522	-1433	-5368
	-179	-4395	1105	12799	-2385	-6349
	80	-5194	1105	14906	-2079	-7066
	131	-3789	2893	17915	-3240	-7322
	357	-3418	2744	20818	-6753	-7676
	472	-3672	1911	19320	-8843	-7002
	947	-2746	1260	15523	-5301	-8050
	1006	-2100	3539	17451	-5163	-6662
	1302	-1799	3649	26668	-6691	-5214
	1386	-1657	3748	31946	-7651	-4149
	1480	-795	3041	30552	-9965	-3440
	1928	-396	1250	24382	-8290	-3463
	2150	-55	2368	24262	-6947	-2829
	1987	491	1263	23888	-6641	-2814
	2281	2139	2252	21383	-5230	-1220
	2382	2421	2572	23204	-5546	816
	2642	1298	1566	28808	-5905	2059
	2640	1017	1493	29000	-5415	1382
	2597	1646	1264	30814	-4936	1012
	2793	3076	-39	24449	-5497	619
	2650	3780	-266	24335	-3552	3066
	2871	1754	-139	21370	-4612	3993
	2764	1773	112	22458	-4563	3070
	2822	1707	-866	23465	-5409	2902
	2878	1693	-2439	21741	-4948	2876
	2785	1847	-1942	22049	-2552	3924
	2809	919	-1967	17129	-3147	4210
	2821	212	-1738	17299	-3475	3291
	2740	965	-2686	18512	-4417	3156
	2706	759	-2919	20177	-2696	4618
	2706	-180	-2576	19573	-1681	4923
	2535	-500	-1935	16540	-2558	4754
	2445	-910	-1934	15719	-3290	4757
	2519	-1439	-3164	15520	-4400	5142
	2524	-2181	-3644	14649	-3426	4906
	2606	-2329	-3370	12563	-1445	4147
	2383	-2221	-2328	11318	-1600	3879
	2378	-2657	-2480	10461	-2360	3881
	2442	-2484	-3213	12661	-1070	4222
	2349	-3319	-2497	11133	-867	4161
	2289	-3314	-1973	10713	-926	3243
	2097	-2895	-2007	9390	-1794	3213
	2143	-3190	-2507	9060	-967	3791
	2138	-3901	-2049	7547	-460	3430
	1974	-3790	-1577	6713	-631	2635
	1963	-3586	-1861	4323	-1544	2837
	1981	-4186	-2052	1245	-771	2106
	1906	-4263	-1605	48	-612	1202
	1821	-3414	-1541	-681	-879	329
	1889	-3724	-2358	-1544	-1069	1146
	2078	-4679	-2436	-3331	187	-149
	2052	-4555	-2247	-6703	277	-1604
	1974	-3891	-3044	-11113	1012	-2548
	1860	-2894	-2217	-9616	3511	-2219
	2176	-3913	-2973	-11027	2844	-2187
	2321	-4206	-3535	-13839	4062	-2888
	2278	-4010	-3357	-22445	5212	-4300
	2067	-2827	-3231	-32768	5550	-5278
	2143	-1767	-2708	-32768	5206	-4628
	2731	-2021	-4202	-25937	4774	-3286
	2183	-384	-4148	-30730	6627	-3622
	2451	163	-3473	-32549	7348	-1997
	2572	7	-2808	-25237	8316	-862
	2725	45	-3281	-18861	8461	-2264
	2530	1790	-1425	-22324	7626	-1485
	2845	1562	-2169	-27153	5867	-193
	2892	1886	-2397	-32768	6686	426
	2662	1625	-934	-32768	6819	2238
	2632	813	859	-31504	8239	3631
	2958	1247	494	-25212	5043	2295
	2776	2228	18	-19896	5761	3980
	2759	90	-61	-21725	5644	4329
	2823	-124	713	-18495	6327	2677
	2707	1748	1451	-16421	7081	3260
	2741	1169	2040	-12628	5497	5291
	2734	-546	1341	-12073	5169	5030
	2616	-25	1380	-14593	6076	3907
	2583	-235	1492	-19762	6415	4189
	2386	157	2712	-19151	6982	4990
	2124	-243	2842	-12004	4701	7099
	1724	-1204	1568	-10173	6311	8183
	2044	-4116	1638	-16244	6894	5712
	1563	-2333	3478	-15877	6677	4161
	1516	-1284	2622	-16182	4688	5138
	1481	-2798	1219	-15420	5697	7260
	1323	-3769	3048	-17648	6956	6485
	2355	-3752	3710	-13201	3546	5570
	1169	-3898	3157	-6802	1585	3205
	1089	-3184	840	-3493	1993	4035
	955	-4536	1820	568	4793	4295
	946	-4886	2710	1494	3048	2507
	897	-4082	2002	2437	2911	1150
	745	-3138	1497	1365	3440	1532
	733	-3050	2000	-847	4965	2598
	837	-5298	2722	-495	4322	1428
	752	-3282	3255	2619	1819	-94
	762	-2832	2449	4280	1010	-114
	834	-3085	1523	3679	2087	445
	691	-3569	3318	236	1932	33
	687	-2597	2820	3180	299	-247
	645	-2805	2032	4543	896	553
	645	-3641	3041	1017	2025	-177
	629	-2384	3205	962	173	-647
	624	-2558	3087	3435	-140	1511
	708	-3740	3012	4535	-819	93
	554	-2824	2482	3319	-1787	-367
	647	-2565	1432	2824	-368	6
	926	-2843	1902	-3569	295	227
	701	-3150	3359	-2721	1404	-222
	689	-3484	4445	-217	-393	-1385
	743	-2491	1959	3654	-1125	-3001
	922	-1555	58	1953	404	-976
	125	-2937	4611	-1887	3583	784
	521	-2068	2552	1667	-2310	-2895
	662	-3313	2223	-1355	-906	-2523
	506	-3332	2569	3289	-198	-2597
	481	-1287	2501	2284	921	-2336
	735	-2348	2946	3061	565	224
	1226	-2684	4927	4376	1632	112
	471	-2161	2777	4974	48	-1052
	702	-2076	3031	4449	3477	670
	581	-1731	4899	4864	2091	-1117
	568	-2163	4219	4833	870	106
	551	-1397	3553	3054	-354	-764
	613	-1754	2973	3520	535	-1310
	523	-1801	3505	-251	987	-2377
	1473	-291	3802	3405	1436	-1448
	514	-1411	2763	237	3164	-2571
	532	-1785	4170	1972	858	-1849
	318	-1434	4403	3164	-138	-1707
	684	-1696	3714	3399	-845	-1865
	587	-770	3188	2687	-307	-1465
	536	-983	3641	227	591	-530
	803	-1624	3543	-1996	-102	-1513
	678	-1450	3374	-2571	-85	-638
	665	-1124	3276	-1727	54	-2345
	618	-1536	4085	274	-404	-2445
	575	-1205	3703	959	-469	-1279
	750	-1328	3488	263	158	-350
	704	-1127	3540	223	827	198
	648	-1088	3915	513	1138	1145
	606	-1220	3750	1238	824	2409
	600	-1754	3817	1503	397	1491
	664	-1365	3430	4065	-967	2606
	575	-1245	3433	2938	45	2008
	571	-1170	3588	2103	576	1516
	528	-1155	4191	855	880	63
	464	-910	4253	-249	-843	-398
	525	-937	3919	-560	-1578	-648
	677	-1265	3826	-920	-1096	-1463
	662	-1059	3786	-568	-1222	-1594
	543	-928	3682	302	-1508	-2409
	997	-945	3936	37	-1156	-1753
	612	-888	3692	472	-1354	-1455
	678	-1004	3413	1308	145	-419
	791	-1208	3459	1770	1132	-16
	785	-975	3423	1959	2401	451
	826	-699	4769	1469	3028	1261
	560	-910	3709	3623	3182	2660
	568	-894	3941	1888	2100	2491
	263	-607	4352	294	262	1769
	362	-1139	3256	-1112	-724	528
	370	-1032	2584	-2559	1839	201
	352	-695	3998	566	601	-142
	528	-664	4136	510	131	-892
	392	-617	4024	-20	208	-696
	222	-978	3225	-1486	737	-739
	149	-805	4779	-280	-1832	-2308
	248	-622	3535	1491	-231	-1226
	332	-768	3660	105	-6	-472
	443	-953	3481	-57	651	344
	488	-840	3531	797	1958	121
	378	-249	3071	3068	3571	1543
	376	-791	3929	4398	3062	2072
	213	-585	4357	2996	2197	2141
	79	277	4164	1249	719	1871
	76	-218	4012	732	-112	477
	133	-401	3786	179	-321	-167
	62	-502	4504	619	-176	-1131
	68	-226	3880	-1022	-1169	-962
	176	-243	3873	-1308	-1102	-875
	208	-584	3965	-524	-920	-1693
	195	-758	3968	45	-1125	-1948
	309	-467	3755	555	183	-1058
	194	-620	3696	1061	447	200
	332	-495	3411	1670	1242	558
	249	-67	3671	2063	1272	1201
	160	-379	3814	2382	2056	2756
	808	-4404	4432	5416	2441	373
	-37	-39	3975	2634	2066	125
	-38	8	3896	2148	1655	-20
	-181	162	4362	661	618	-594
	-78	236	4830	-1264	-1066	-749
