26	15016	-720	252	569	-1406	660	
49	17144	1828	3688	44	251	-511	
59	17576	1152	3008	-14	-135	-121	
69	15880	712	2148	-137	-121	653	
79	15320	-284	1760	-17	67	341	
92	16188	484	2340	226	509	-721	
102	16916	1420	2996	39	75	-57	
112	16348	624	2364	2	-75	294	
122	15996	148	2320	85	-38	-62	
139	16164	532	2408	52	417	-226	
149	16636	692	2876	80	43	-60	
159	16088	800	2412	40	-225	258	
169	16044	224	2340	92	169	-200	
180	16472	840	2696	109	230	-265	
190	16256	816	2368	-2	54	142	
200	16308	344	2660	33	-29	114	
210	16132	500	2460	120	15	-196	
223	16328	608	2560	178	79	-362	
233	16428	824	2436	357	-238	-151	
243	15896	684	1988	544	641	65	
253	16624	1028	2612	503	-345	-414	
264	16084	1208	2116	-15	224	-165	
274	16556	244	3716	-85	831	182	
284	15848	1412	2684	1564	-1292	-67	
294	16900	752	6976	826	-1180	573	
305	14556	-240	-500	-509	1162	41	
315	16560	1164	1356	780	605	-785	
325	17312	1692	4876	-336	32	495	
335	15576	28	1032	-136	128	416	
346	15660	320	2036	138	252	-87	
356	16768	632	3384	-38	180	-150	
366	16504	692	2164	115	122	-271	
376	16072	636	2384	-32	25	124	
387	16172	340	2568	31	56	-2	
397	15984	424	2332	86	254	-200	
407	16700	700	2776	74	39	-139	
417	16376	724	2432	29	-5	-25	
432	16200	384	2508	61	57	-56	
446	16260	592	2432	84	234	-243	
456	16532	732	2692	61	-35	-19	
466	15996	616	2292	34	83	12	
477	16236	424	2636	98	128	-261	
487	16296	768	2456	70	-27	-107	
501	16392	464	2488	55	145	-91	
512	16360	660	2436	87	-53	-169	
522	16280	588	2472	82	151	-121	
532	16324	520	2564	57	46	-24	
542	16188	652	2420	82	50	-111	
555	16432	480	2804	71	53	-138	
565	16148	632	2516	55	-4	-120	
575	16328	616	2504	58	128	-84	
583	16360	600	2600	62	19	-36	
595	16324	604	2464	62	84	-73	
606	16300	492	2644	109	0	-234	
616	16128	776	2348	65	30	-138	
626	16352	620	2564	53	70	-69	
636	16052	616	2436	30	75	-41	
647	16332	536	2628	70	82	-133	
657	16364	612	2560	82	-8	-133	
667	16216	700	2376	51	71	-99	
684	16316	640	2636	57	-6	-93	
694	16288	668	2416	38	52	-45	
704	16380	412	2468	69	66	-131	
714	16224	632	2380	105	27	-202	
724	16372	604	2704	42	42	-75	
735	16172	604	2416	34	60	9	
745	16208	416	2388	91	128	-197	
755	16440	624	2412	98	-21	-216	
768	16304	644	2380	36	46	-12	
778	16276	496	2616	61	53	-42	
788	16180	628	2432	81	123	-86	
802	16296	540	2512	77	-26	-128	
815	16304	724	2372	62	77	-172	
825	16420	680	2688	68	24	-25	
839	16224	540	2400	40	159	-46	
849	16396	464	2756	117	19	-193	
860	16284	644	2372	79	-17	-77	
870	16296	528	2468	67	121	-120	
880	16288	580	2704	68	-6	-67	
890	16308	556	2476	52	107	-45	
901	16364	432	2672	54	12	-102	
911	16132	652	2328	94	45	-180	
921	16380	564	2712	53	106	-92	
931	16136	680	2440	52	-63	-16	
944	16320	416	2548	76	190	-166	
954	16392	648	2740	54	-54	-167	
964	16172	664	2408	83	38	-66	
974	16420	524	2716	58	128	-56	
985	16044	652	2344	38	20	-45	
995	16348	536	2608	77	151	-183	
1005	16332	488	2588	68	-90	-97	
1015	16140	548	2436	75	120	-132	
1026	16468	580	2788	63	45	-72	
1036	16172	688	2204	23	20	16	
1046	12656	-14828	32767	353	-14852	-15644	
1056	12648	-2868	2308	5496	-6603	-20896	
1067	9584	-1696	-1240	-2186	-3214	-19121	
1077	22968	3176	6464	2880	1810	-25504	
1087	18508	6336	3964	451	-4609	-16404	
1101	17960	4820	2496	-102	-4917	-12721	
1112	15964	5408	-384	-454	-5759	-8314	
1122	16284	7084	-2684	65	-669	-3053	
1132	17692	7356	-4264	-598	2643	3305	
1142	18308	1128	13104	1743	-8001	2275	
1155	15368	8516	-10836	-2445	7706	10969	
1163	22464	15688	1384	-3846	10529	28906	
1173	19260	-40	7348	-6939	-10970	28938	
1183	22124	-1532	5128	-2655	-1604	19939	
1196	10160	-4384	-1440	-1584	-4610	9847	
1206	11732	-3464	612	-184	-2777	2191	
1218	13148	-2356	228	1268	1762	-6410	
1228	16608	1412	1316	1202	3203	-7385	
1239	19624	5032	3248	734	1951	-4088	
1249	19996	5512	4688	-344	-263	2103	
1259	16856	1412	2728	-754	-1608	4774	
1271	14296	-1468	684	-180	-1062	2238	
1282	14048	-860	852	242	508	-1005	
1292	16340	1196	1936	425	1218	-2231	
1302	17820	2396	3032	273	423	-984	
1312	17192	2116	2436	-131	-574	1082	
1323	15664	572	1576	-121	-212	1066	
1333	15300	-516	344	-1230	1020	-1170	
1343	16848	1124	2724	-949	524	-369	
1357	16848	2332	2428	-2573	811	609	
1368	18788	992	9288	-2	-3188	2397	
1378	13228	-5820	-540	1947	885	-4732	
1388	14608	-1208	-1920	3293	858	-9073	
1400	17856	4940	2324	1103	1273	-5227	
1411	20400	6620	4424	-415	290	1011	
1421	17992	2784	2264	-1842	-965	6718	
1431	17092	1824	1052	-2420	141	8293	
1441	16420	2464	1404	-1517	49	9242	
1458	15936	-1364	2024	-1132	-38	7465	
1468	14824	-1708	2072	-876	113	4825	
1478	15092	-548	1408	-594	600	3471	
1490	15520	-388	1132	393	1219	2146	
1501	15824	-824	1688	633	1570	912	
1511	16124	-1036	3368	731	636	-194	
1521	16036	-280	2280	802	400	-1078	
1531	16168	24	1316	1288	1802	-1683	
1542	16276	1544	1956	1684	3022	-1021	
1552	17720	2312	1976	1179	3099	1431	
1562	17676	1352	2776	1296	2454	3029	
1572	16752	-184	2308	1568	2451	3983	
1585	16200	-956	2736	1743	2772	3636	
1595	16048	-1332	3028	2156	2834	2431	
1605	16756	-48	2368	1968	3291	2649	
1619	17208	1036	2040	784	4092	3803	
1630	17496	1300	1952	91	4321	5685	
1640	17748	2132	3836	-1333	2936	9131	
1648	16264	628	1848	-92	3040	9955	
1660	16688	-3096	3512	864	1886	9649	
1671	17032	-3668	5088	-1064	-807	12065	
1681	16268	-3192	2416	-2396	-319	13057	
1691	15820	-3640	3232	-3843	-353	12974	
1705	16844	-1900	1688	-6012	1606	15214	
1716	17196	-2800	1752	-5784	157	15573	
1726	18336	-1548	4512	-6054	-1139	16945	
1736	17668	-3136	4796	-4273	-1129	14800	
1746	17836	-3312	3904	-3223	-1266	13006	
1757	17492	-3492	3708	-648	-1012	11877	
1767	15632	-4732	5292	1361	-2087	11173	
1777	15640	-8796	3232	-2121	-5071	9043	
1787	14136	-9656	-168	-3691	-2419	5029	
1798	16832	-6036	340	-5501	1262	3673	
1808	19384	-3732	3272	-7883	953	7072	
1818	19976	-5380	5392	-8621	-1536	8768	
1828	19140	-6792	4692	-7616	-4540	5559	
1839	17784	-6732	3852	-5633	-5389	-350	
1849	17904	-5156	2852	-3823	-5725	-4454	
1859	17656	-3128	2152	-3322	-6297	-4568	
1869	17528	-3752	1464	-3277	-6837	-2558	
1880	16800	-6780	1212	-3127	-7253	-2520	
1890	16840	-7920	880	-3792	-6873	-4273	
1900	17756	-6832	592	-5842	-6305	-4996	
1912	19732	-4000	2648	-8371	-6898	-3421	
1923	21128	-1236	3704	-10139	-8516	-305	
1931	22264	-1176	3540	-9454	-10319	572	
1941	22024	-1332	4064	-7308	-12310	-727	
1953	22176	-2288	5072	-4013	-15524	-3801	
1964	20552	-3864	4148	-930	-18794	-6443	
1974	17212	-7236	3212	2147	-21539	-10470	
1984	14672	-7672	1020	2812	-21892	-14067	
1996	12664	-5596	-2612	388	-20836	-12149	
2007	10912	-5980	-3964	-1835	-17947	-11273	
2017	12164	-2436	-4900	-4003	-13549	-10096	
2033	18144	2288	-1268	-6651	-12463	-848	
2043	19476	8	376	-5812	-14345	2291	
2054	20580	-1500	184	-3694	-16404	1131	
2064	20472	-3708	336	-1601	-19647	-582	
2074	17284	-7424	-416	-186	-22129	-4129	
2084	15176	-8444	-3892	798	-21350	-8970	
2095	15032	-7500	-4912	-585	-19528	-11985	
2105	15112	-5236	-4436	-2229	-18464	-11928	
2121	15464	-1900	-3280	-2809	-17481	-12702	
2131	17348	1772	-1936	-1692	-18415	-12143	
2144	18064	2180	-2840	346	-19730	-10987	
2154	19872	1860	-2840	2459	-21187	-10305	
2164	22012	1180	-1588	2616	-24983	-6245	
2174	20096	-3064	-488	2072	-30148	-4645	
2185	16992	-5344	-944	3114	-32768	-9739	
2195	15188	-3108	-2476	4392	-32768	-13951	
2205	11668	-2800	-4760	5433	-32768	-14218	
2215	8064	-3152	-8492	5728	-32768	-15476	
2226	7016	-1448	-8468	5326	-32768	-15644	
2236	6272	1548	-8664	4546	-31868	-13155	
2248	5080	2240	-10012	5043	-29880	-10757	
2258	5216	2016	-9576	6623	-28625	-10543	
2269	4820	2576	-10460	8247	-26977	-10090	
2279	4604	1760	-11056	9195	-26558	-8182	
2289	5508	1568	-12784	8817	-25210	-4551	
2304	8696	-108	-11876	6235	-25708	3446	
2314	8992	-2272	-11672	4463	-27571	6065	
2324	8176	-3260	-10748	4065	-29604	3815	
2336	6364	-1648	-10752	5368	-31576	-383	
2344	4148	308	-11784	6517	-32768	-1852	
2355	2104	1456	-14672	7625	-32182	-1142	
2365	1572	1460	-15080	8062	-30007	1525	
2377	1724	804	-15968	7440	-28329	5823	
2387	1964	-2336	-15660	6697	-27449	7971	
2400	520	-6520	-15380	6522	-26664	3066	
2410	-864	-6692	-14992	6282	-25380	-3429	
2420	-1396	-3228	-15860	5680	-24138	-6180	
2430	-1300	-928	-15700	4203	-23309	-3264	
2441	-2460	-1868	-16228	3420	-22597	94	
2451	-2904	-3164	-16424	2944	-20588	460	
2461	-2844	-3292	-14776	2367	-19238	-784	
2471	-3192	-1980	-13892	2023	-18953	-1941	
2482	-3880	-492	-13572	2564	-18904	-2972	
2492	-4432	900	-13764	3854	-18704	-2915	
2502	-3620	1588	-14836	5400	-17972	-618	
2512	-2700	332	-14428	5318	-18693	3756	
2523	-2500	-2784	-14964	5161	-19127	5735	
2533	-2180	-5052	-14384	4883	-19691	4595	
2543	-3240	-6396	-13980	4260	-20930	1713	
2553	-5360	-6488	-13924	4054	-21536	-2395	
2564	-7392	-4684	-13980	3793	-21070	-5582	
2574	-7356	-2172	-14688	4141	-19874	-5465	
2586	-7572	-140	-14356	3436	-18773	-20	
2594	-8304	-2712	-14568	3474	-18869	3429	
2605	-8892	-5968	-14584	3659	-17466	2252	
2615	-8620	-6052	-14268	2756	-16154	-42	
2627	-8136	-4584	-13448	1763	-15711	-592	
2637	-7932	-4516	-13260	1303	-15848	-237	
2646	-8496	-5412	-12920	1022	-15991	-919	
2656	-8644	-5124	-13364	912	-15766	-1697	
2668	-9300	-4808	-12484	-11	-15980	-1608	
2678	-9636	-4160	-12484	-104	-16062	-1679	
2689	-9608	-3984	-11964	173	-16183	-1628	
2697	-9784	-4752	-12388	377	-15851	-2037	
2713	-10752	-6044	-11776	-168	-15776	-4082	
2723	-11040	-4860	-11412	-804	-15483	-5542	
2734	-10512	-3368	-10936	-621	-15434	-5606	
2744	-9860	-1952	-10004	-313	-16218	-3038	
2754	-10180	-3032	-10448	-808	-17890	-402	
2764	-11952	-5504	-10020	65	-17610	-3349	
2781	-13036	-3320	-11016	905	-17229	-6685	
2789	-13628	-3540	-12468	1888	-15959	-7886	
2801	-13540	-2552	-11192	518	-14634	-4006	
2811	-13400	-3468	-11800	314	-14008	-2845	
2822	-13772	-2148	-10392	-221	-13066	-819	
2832	-13268	-3512	-8712	-275	-13320	609	
2842	-12724	-2736	-8392	556	-13629	78	
2852	-13484	-3952	-7496	1693	-13427	-1546	
2863	-13624	-4056	-7724	3157	-13066	-3488	
2873	-15320	-4708	-7660	4707	-12039	-5995	
2885	-15864	-4880	-8284	5995	-10823	-7245	
2895	-15928	-4936	-9276	5606	-9639	-5493	
2910	-16780	-6388	-9052	4343	-6611	-4530	
2920	-16184	-5244	-8764	3766	-5045	-3963	
2930	-14536	-3844	-8120	3525	-4413	-2033	
2940	-13860	-4088	-7884	3856	-4883	260	
2951	-14412	-5960	-8524	4873	-4547	660	
2961	-13524	-6508	-9060	4907	-4723	1543	
2973	-13532	-8052	-8948	3628	-4998	2379	
2983	-14124	-8700	-8744	2914	-5035	1314	
2994	-14788	-9280	-8624	1896	-4294	-674	
3004	-15408	-9920	-8284	744	-3209	-3324	
3014	-16220	-9100	-8060	-230	-1545	-5999	
3024	-16108	-6644	-8100	-755	-252	-5913	
3035	-15872	-5472	-7156	-1653	278	-2570	
3045	-16664	-7172	-6424	-1957	809	-1164	
3055	-15564	-5708	-7052	-1920	1739	-433	
3065	-14412	-5792	-6480	-2057	1413	1473	
3076	-15468	-7608	-6904	-2089	1869	843	
3086	-15828	-7256	-6724	-2126	3161	-1477	
3096	-15372	-5588	-7336	-2226	4492	-2192	
3106	-15152	-3932	-7392	-1847	5025	-894	
3117	-15120	-4372	-7448	-1437	5054	1091	
3127	-15360	-6160	-7936	-1319	5842	1536	
3137	-14780	-6428	-9092	-1756	7241	1727	
3147	-13696	-6248	-8664	-2530	7756	2674	
3158	-13936	-7332	-8548	-3219	7964	2286	
3172	-14488	-7000	-9008	-3020	9094	-1250	
3182	-14604	-5988	-9332	-3100	9828	-2173	
3192	-15516	-6212	-9668	-3632	10979	-2387	
3203	-15252	-4596	-9576	-4022	12908	-1990	
3213	-13496	-2504	-8680	-4328	13241	1458	
3223	-12940	-2832	-8604	-2989	12464	3398	
3233	-12564	-4596	-10080	-630	12189	2608	
3244	-12584	-6752	-10112	1079	11945	766	
3256	-13420	-9056	-11848	932	11879	-339	
3266	-14664	-11068	-13172	-1430	14028	-1962	
3274	-14144	-9228	-11984	-5192	16357	-2871	
3284	-12944	-5560	-10912	-7370	17870	-2575	
3297	-10796	-1720	-8748	-7420	17423	-379	
3307	-10164	-876	-8620	-5500	15052	1899	
3317	-10504	-2256	-9196	-2355	14005	1382	
3328	-11052	-5376	-10292	-481	12792	880	
3338	-13168	-9328	-12780	-297	13588	-1887	
3348	-12956	-9016	-14480	-2734	15468	-2615	
3358	-11468	-7328	-14524	-7031	17250	902	
3368	-9204	-5432	-13784	-10860	19046	4440	
3385	-6396	-2560	-9552	-10162	18329	1472	
3395	-5052	540	-9420	-6681	15411	-1175	
3405	-5364	380	-10724	-2679	12413	-2349	
3416	-7760	-2500	-12328	-576	10388	-2914	
3426	-9940	-5084	-15656	-661	11586	-3562	
3442	-8904	-5148	-15100	-4169	15877	-2772	
3452	-7648	-4116	-15116	-7374	16209	901	
3463	-6332	-3168	-13560	-7599	17065	285	
3473	-3464	232	-12316	-5980	15923	189	
3483	-2284	796	-12332	-3677	13121	1972	
3493	-3072	-1860	-13340	-1441	10633	2116	
3508	-5480	-5360	-15576	-347	9008	-672	
3520	-6264	-5692	-17188	-1694	10269	-1504	
3530	-5968	-4776	-16800	-3551	11423	-568	
3540	-5364	-3844	-15984	-5101	11393	1366	
3551	-5016	-3580	-15972	-5343	11522	1472	
3561	-4208	-3112	-16456	-5153	12239	970	
3575	-2940	-4708	-16256	-5206	12125	1475	
3586	-2912	-6396	-16452	-5930	12002	-432	
3596	-2976	-6064	-16188	-6823	11984	-3050	
3606	-2516	-3428	-15672	-8009	11718	-3810	
3616	-2616	-1276	-15280	-8456	11143	-3075	
3627	-3168	488	-14968	-7608	10757	-2923	
3637	-3492	1600	-15120	-5889	10760	-2602	
3649	-3644	564	-15712	-4442	10911	-1606	
3657	-4172	-1400	-16488	-4138	11716	-1122	
3667	-4164	-2432	-17480	-4864	13542	-1029	
3678	-2496	-2400	-17236	-6088	15102	305	
3690	-680	-2044	-16268	-7582	15525	1897	
3700	900	-1644	-14364	-8146	14669	2274	
3710	1636	-432	-13832	-7563	12986	1126	
3719	1760	808	-14072	-5287	11463	-1234	
3731	492	776	-14456	-2974	9625	-2932	
3741	-1996	-444	-16016	-2244	9290	-3818	
3751	-4100	-136	-18400	-2643	11435	-3638	
3762	-3344	892	-18564	-3558	14351	-395	
3772	-1052	-656	-17528	-5341	15626	4883	
3782	704	-2508	-16632	-6535	16694	6131	
3792	2340	-2724	-14972	-7084	17002	4212	
3803	3196	-1608	-14124	-6683	16161	1096	
3813	3084	-464	-14004	-5636	14826	-2003	
3823	1420	-52	-14740	-4658	14443	-5035	
3833	-1056	240	-15712	-4163	15746	-7908	
3844	-1484	2956	-17628	-3890	19241	-7685	
3854	1388	4112	-15784	-5095	20647	-117	
3864	3376	1300	-15320	-6623	20291	6558	
3874	4732	-484	-14860	-7319	20138	8375	
3885	6096	-2060	-13036	-7022	19132	7102	
3895	8544	-1764	-13924	-6966	17540	3809	
3905	7016	-252	-12856	-5966	16433	184	
3915	5052	72	-12364	-5345	14851	-3218	
3926	1564	1320	-13484	-3958	14938	-7727	
3936	-172	3836	-14152	-3382	16708	-7389	
3950	-1552	3804	-13972	-4483	19758	-563	
3960	-1608	3112	-14896	-5836	22834	5634	
3971	1500	2348	-16648	-7017	27760	12295	
3981	4500	-752	-13292	-9158	30971	16862	
3991	5820	-3168	-10276	-10280	31162	16449	
4001	6448	-3692	-8424	-9507	31407	11246	
4012	7032	-1612	-7176	-8363	31030	5814	
4022	6880	1260	-7284	-8351	30706	5329	
4032	6764	2860	-8268	-8123	31704	7468	
4042	7304	2068	-7612	-7300	32767	10348	
4059	7172	-1176	-5256	-8398	32767	13439	
4069	6772	-64	-8112	-8761	32767	13843	
4079	8892	1356	-6580	-9666	32767	15699	
4096	13036	3680	96	-9508	32767	19463	
4112	15308	3388	-92	-5304	32767	23092	
4122	16720	1268	2544	-3069	32767	24411	
4132	17568	-664	3800	-2039	32767	25100	
4143	18720	-1688	4908	-1779	31500	25007	
4153	20136	8	3400	-1188	29305	26260	
4163	23892	1132	2664	381	27337	31777	
4173	25072	-3516	3844	1264	23269	32767	
4184	25080	-10192	5100	2460	17960	32767	
4194	23224	-15652	2460	6334	15848	20621	
4204	24564	-16068	2908	7638	16276	7394	
4214	24512	-13836	4592	3778	12168	3140	
4225	23016	-11004	2820	-2123	9151	4219	
4237	21056	-7968	1608	-5917	7726	7246	
4247	17168	-9324	252	-5891	6787	6064	
4257	17980	-7856	1120	-3886	8438	1456	
4268	18988	-6264	2480	-4585	7042	731	
4278	18092	-5364	4220	-4003	5277	-1681	
4288	17352	-1776	4604	-2681	3818	-2790	
4298	16588	988	3128	-696	2994	-1013	
4308	14864	1036	3756	533	1501	3695	
4321	14020	1952	4268	518	2556	9803	
4331	14508	1884	3832	1350	2435	16431	
4341	14004	-888	4152	1867	709	21542	
4354	13592	-3272	2092	2145	-446	26684	
4364	14504	-9612	2696	3101	1604	21006	
4374	21604	-12456	4248	4044	-3140	15497	
4384	19168	-17704	1904	8013	533	3796	
4395	17320	-19172	-508	7462	-336	-5673	
4407	17516	-19688	-16	2813	-4182	-11537	
4415	15124	-14000	-504	-1271	-6666	-12366	
4425	13904	-8788	-492	-1515	-6594	-13684	
4435	13860	-6732	-496	-53	-4852	-14954	
4448	14732	-6448	1004	331	-4527	-15004	
4458	15036	-5180	1180	3356	-3773	-19784	
4468	14256	-6576	-3244	4074	2403	-19232	
4478	13536	-9028	-2580	4294	5294	-20146	
4489	14728	-5260	-988	6317	10175	-22769	
4499	13324	-7320	300	5117	14593	-26221	
4509	17152	556	4344	2258	14365	-24977	
4519	16956	2848	1364	3789	5832	-19945	
4530	20984	-224	2776	4190	6223	-16968	
4540	20544	788	3544	1872	3302	-9087	
4550	22528	140	4632	1127	1723	-4856	
4560	21520	800	5180	-638	-405	1618	
4571	18204	696	4472	-1544	-3044	6538	
4581	15740	-1644	2312	-1791	-4566	8491	
4591	14264	-4376	844	-1441	-4176	7007	
4601	13472	-5828	-304	-715	-2108	3105	
4612	13340	-5560	-388	229	517	-1277	
4622	14220	-3844	628	798	2261	-3851	
4632	16084	-2648	2136	940	2415	-4592	
4642	17292	-1804	2884	870	1710	-3957	
4653	18084	-1532	3272	375	583	-1944	
4663	17704	-1192	2916	-96	-564	278	
4673	16664	-1740	2384	-364	-1160	1844	
4683	15860	-2884	1856	-442	-1121	2048	
4698	15300	-3652	1248	-74	-278	188	
4708	15236	-3488	1376	237	292	-1183	
4718	15976	-2732	2000	323	682	-1716	
4737	16656	-2156	2296	156	63	-911	
4747	16860	-2116	2428	-21	-4	-90	
4763	16204	-2460	1804	-150	-296	709	
4773	15904	-2936	1760	-57	-203	466	
4786	15800	-2976	1784	34	-36	-127	
4796	15956	-2980	1856	159	196	-677	
4806	16296	-2560	1784	170	167	-789	
4816	16496	-2256	2060	129	141	-523	
4827	16476	-2344	2100	-7	-24	128	
4837	16248	-2580	2056	-17	-194	312	
4847	16128	-2880	1856	5	-146	84	
4857	15892	-2972	1908	34	-91	-147	
4868	16012	-2600	1660	120	194	-466	
4878	16380	-2484	2096	149	207	-385	
4888	12568	-748	-4220	281	4378	2083	
4900	15220	-4056	5448	-596	-4859	1040	
4911	17304	-1844	3232	757	-168	392	
4921	15376	-4400	1564	2031	1033	947	
4931	16404	-2360	2684	1686	-2000	224	
4941	15980	-3344	2080	738	-332	300	
4952	16496	-3316	2620	53	-1222	-968	
4962	15880	-3080	516	24	427	-1074	
4972	17192	-2440	2972	133	489	-1034	
4982	16400	-2168	1916	-241	51	-250	
4993	15472	-2192	1932	-795	-622	405	
5003	16372	-2648	3440	-496	-1837	89	
5013	16728	-3796	-60	603	-965	-1252	
5023	15764	-1740	-1156	-389	2076	70	
5036	15588	-2936	3260	120	585	-536	
5044	16436	-2960	1732	-69	-1126	-463	
5054	15984	-2680	-300	222	83	-253	
5064	16444	-2600	2792	-18	775	-85	
5076	16076	-2832	2136	210	160	-482	
5087	16312	-2620	1420	76	-205	-374	
5095	16100	-2864	1396	-226	-375	-807	
5105	15844	-1696	-544	680	-1418	-307	
5117	13592	-5776	-3844	408	4954	-1844	
5130	17116	-2772	672	1112	2548	-3437	
5140	17204	-1864	3116	188	-1416	-691	
5150	17108	-2104	2332	673	-467	-394	
5160	14180	-2752	1848	409	531	656	
5171	17056	-2140	3048	-100	-1018	681	
5181	16944	-2288	2444	190	-1439	-33	
5191	15788	-2136	1712	-393	-560	899	
5203	15860	-3556	1324	312	213	-793	
5214	16596	-2348	2088	82	430	-744	
5222	16976	-1524	2356	12	93	-180	
5232	16412	-2052	2364	-108	85	670	
5244	16120	-2956	1720	-151	-505	899	
5255	15676	-2812	860	-63	-464	91	
5265	15688	-2248	476	-136	886	169	
5275	16108	-2836	2336	212	548	-465	
5285	16340	-2812	1832	46	895	-389	
5300	16100	-2312	996	-562	40	241	
5310	16248	-2124	2280	-323	-192	384	
5320	16324	-2844	1848	-227	-31	246	
5330	15828	-3112	1448	256	-294	-499	
5341	15788	-2132	1604	198	427	-623	
5351	16360	-2512	1780	176	516	-473	
5361	16740	-2360	2292	144	-72	-425	
5371	16516	-2140	1776	-48	39	91	
5382	16208	-2264	1808	-24	-180	373	
5392	16236	-2812	2080	-7	-230	279	
5402	15844	-2740	1024	65	103	-172	
5423	16724	-2188	2624	1	192	232	
5433	17196	-2348	1092	1069	-872	807	
5443	14292	-1328	-1216	115	2005	1402	
5455	15624	-5144	1224	901	-13	-1143	
5466	15656	-1920	2068	-112	530	-1224	
5476	16848	-2656	1004	274	769	-612	
5486	17100	-1520	2976	224	164	21	
5496	16224	-2692	2428	-159	-796	518	
5507	15500	-2964	1148	281	-829	-492	
5517	15656	-2908	1100	250	-118	-895	
5525	15628	-2796	1572	365	498	-1419	
5535	17388	-2048	3776	977	836	-1776	
