36	14704	-2392	1420	-165	-448	1853	
57	15240	-2188	120	537	1072	-1425	
67	18220	108	4228	370	569	-1544	
77	17816	1068	3260	-71	-450	10	
88	16284	-896	1512	-116	-397	875	
98	15444	-1884	1192	50	201	-72	
108	15928	-1260	1844	135	721	-833	
118	16480	-624	1980	113	340	-534	
129	16580	-548	1972	152	-325	-152	
139	16240	-712	1412	107	-524	86	
149	16420	-1084	1728	96	68	-306	
159	16332	-900	1956	127	418	-539	
169	16288	-680	1784	133	85	-353	
180	16512	-704	1680	132	-51	-184	
190	16484	-796	2052	128	-31	-155	
198	16364	-728	1892	96	-82	-25	
208	16472	-792	1652	147	199	-183	
219	16596	-764	2092	74	-50	73	
229	16316	-468	1304	374	-417	-91	
239	16328	-512	1700	974	-1888	-162	
249	16860	-2408	4944	1982	-56	-2448	
260	16348	-1660	3428	616	-888	-2191	
270	17440	-112	292	837	-592	-3281	
280	17320	416	592	262	859	-1823	
290	16660	-900	1904	1260	-846	-1799	
301	14948	-1688	660	72	2	-1545	
309	16944	-60	48	1435	963	-235	
319	17304	3956	2576	-132	-1861	896	
329	17408	-828	2196	-746	-473	1478	
344	16864	-812	3160	280	-636	-83	
354	16732	80	1240	98	1060	-980	
364	16560	-616	2140	-58	210	-57	
374	16352	-848	1680	54	-373	334	
385	16104	-864	1212	148	295	-109	
395	16672	-492	2328	149	-140	-207	
405	16488	-308	1776	104	-146	-190	
415	16296	-656	1424	60	80	-96	
428	16392	-568	1964	50	-17	-161	
442	16552	-628	1824	49	-28	-174	
454	16408	-360	1708	74	-70	-101	
464	16892	-1508	2972	167	-686	-363	
475	16076	-144	2240	581	251	-654	
483	15936	-316	644	-301	1484	-55	
493	16700	-744	2544	443	272	-59	
503	14744	1292	4212	1646	65	-17	
514	14568	784	3152	-1845	35	664	
530	16952	-628	1284	-164	1885	543	
540	17388	16	3552	464	275	31	
555	15388	-924	512	384	-605	-706	
565	16504	-248	1608	49	1233	-631	
575	17472	104	2752	87	52	-50	
585	16116	-476	1224	-58	-360	510	
598	15936	-1272	1532	91	262	-243	
608	16444	-492	1572	82	157	-501	
618	16724	-228	1980	67	80	-108	
628	16400	-436	1988	-12	-67	255	
638	16140	-780	1412	92	27	-143	
649	16384	-520	1660	99	206	-321	
659	16556	-340	2056	72	-28	-57	
669	16340	-616	1704	33	-20	5	
679	16268	-692	1800	77	134	-148	
690	16456	-408	1856	54	28	-103	
700	16532	-572	1768	71	29	-104	
710	16376	-492	1728	61	44	-32	
722	16320	-568	1560	51	85	-70	
733	16548	-668	1956	64	83	-189	
743	16412	-420	1732	68	-62	-84	
753	16352	-504	1848	61	59	-42	
763	16368	-628	1888	65	106	-100	
774	16364	-396	1480	51	73	-88	
784	16488	-692	2020	66	14	-98	
794	16176	-544	1624	77	31	-166	
806	16464	-480	1756	61	87	-81	
817	16516	-556	1852	42	11	-52	
829	16344	-604	1748	59	100	-125	
839	16412	-488	1868	73	-2	-149	
849	16420	-532	1604	57	83	-123	
860	16460	-408	1688	59	57	-25	
870	16352	-612	1820	61	13	-82	
880	16324	-548	1784	70	114	-177	
890	16440	-476	1948	56	-29	-64	
901	16292	-564	1616	54	98	-107	
909	16480	-580	1932	72	30	-55	
919	16288	-520	1696	50	2	-37	
935	16596	-556	1828	84	64	-175	
946	16296	-464	1596	37	0	-126	
954	16448	-468	1576	64	76	-43	
964	16392	-644	1716	61	47	-60	
974	16380	-556	1680	70	81	-145	
985	16572	-524	1864	74	22	-112	
995	16360	-536	1600	42	-13	-76	
1005	16428	-556	1668	75	138	-112	
1015	16444	-496	1888	47	6	-58	
1026	16316	-568	1684	56	75	-92	
1036	16528	-604	1884	69	40	-162	
1046	16304	-428	1536	55	16	-123	
1056	16516	-476	1796	53	107	-54	
1067	16440	-556	1800	72	43	-68	
1075	16304	-568	1592	51	76	-101	
1085	16460	-552	1692	72	30	-92	
1095	16244	-452	1516	90	52	-109	
1105	16500	-544	1824	52	107	-93	
1116	16500	-468	1664	40	-23	-35	
1126	16380	-636	1468	73	73	-122	
1136	16620	-532	1872	82	37	-171	
1146	16392	-472	1600	81	15	-81	
1157	16500	-464	1676	35	113	-55	
1165	16304	-580	1672	28	24	-28	
1183	16584	-672	2016	69	89	-169	
1191	16436	-400	1752	79	-65	-132	
1206	16404	-460	1896	54	128	-49	
1220	16348	-604	1548	60	73	-130	
1230	16520	-616	1784	63	65	-183	
1241	16388	-472	1676	79	-38	-121	
1251	16400	-556	1612	61	80	-89	
1263	16536	-512	1744	58	-10	-86	
1273	16408	-512	1788	61	63	-113	
1284	16500	-560	1800	67	81	-78	
1294	16308	-412	1548	67	-48	-84	
1304	16424	-588	1772	71	151	-156	
1314	16544	-644	1916	52	-6	-64	
1325	16320	-456	1544	65	65	-95	
1335	16508	-628	1916	68	10	-112	
1347	16316	-600	1696	67	52	-136	
1357	16552	-496	1752	93	133	-100	
1368	16312	-492	1740	46	7	-3	
1378	16228	-672	1640	125	96	-123	
1388	16432	-832	2516	71	-478	-421	
1398	16132	-2292	1216	-812	-849	-599	
1409	17324	-2576	2796	743	-1090	-180	
1419	16260	320	2444	334	-606	-418	
1431	16396	600	2824	737	13	-17	
1441	16588	432	1604	167	571	-1094	
1452	16216	256	996	-14	162	-677	
1462	16364	-488	1612	-74	-56	-47	
1472	16032	-916	1240	-40	36	-116	
1482	16176	-556	1076	155	100	-248	
1492	16692	-152	2312	-24	-72	137	
1503	16212	-716	1204	-248	-228	-61	
1513	17348	300	2892	1430	33	6	
1523	14700	-1608	-364	-540	980	-2078	
1538	17420	1276	1448	-1532	975	1283	
1546	17296	-632	2044	-1034	-200	1874	
1558	15684	-472	280	-1841	780	2640	
1566	16216	-1148	1392	-1254	1105	1648	
1576	16064	-828	1588	-1107	1163	1854	
1587	16828	-788	1296	-774	1233	1934	
1601	16796	80	1504	145	181	2219	
1611	16264	-344	888	486	390	2695	
1619	16468	-472	1372	620	420	3107	
1630	16880	-752	2848	550	182	3547	
1640	17024	-692	1972	48	-10	4138	
1650	16716	-1056	1596	-253	-52	4383	
1660	16628	-204	1712	-802	795	5584	
1671	16252	-776	1932	-907	1	6397	
1681	16680	-1128	1752	-582	-208	6852	
1691	16816	-1716	2020	-563	-36	7089	
1701	16336	-2252	2196	-521	-76	6979	
1712	16372	-2320	2152	-593	-384	6729	
1722	16364	-2208	2436	-1097	-485	7049	
1732	16056	-2232	1692	-1121	-247	6703	
1742	16164	-2216	1456	-1015	-560	7098	
1751	15748	-2732	1048	-519	-513	6767	
1763	15628	-3376	1392	195	-384	6361	
1771	15800	-4320	2484	1135	94	4948	
1781	15768	-3944	1924	774	751	3853	
1792	16244	-3448	1636	463	889	3608	
1802	16316	-2152	1304	151	1122	4367	
1812	16488	-2396	708	262	1041	5447	
1822	16172	-2520	1088	121	1855	5673	
1839	16488	-3424	2900	325	1624	6368	
1849	15940	-4416	2532	-409	1396	6095	
1859	16016	-4524	1676	-708	939	5801	
1869	16172	-3604	1532	-1654	674	7201	
1884	15980	-4340	1844	-1548	441	7667	
1894	15376	-3280	972	-1568	626	8257	
1904	15836	-5644	2452	605	1464	5917	
1914	15348	-6036	2360	1599	969	4892	
1925	14572	-6144	2092	762	1061	5441	
1937	15048	-6832	2932	1242	1159	5213	
1947	15252	-7216	2580	377	1533	6437	
1957	15124	-6944	2200	-4714	2226	5159	
1968	15080	-7088	2000	-3826	3258	1322	
1982	16760	-4492	1720	-3059	6291	-2410	
1992	17964	-3056	2084	-762	7283	-3746	
2002	18532	-3260	2920	1222	7117	-3800	
2013	19140	-4400	4904	1842	4641	-1865	
2023	19096	-5356	4988	671	1698	1055	
2033	18800	-6432	4200	-459	-622	2297	
2043	18868	-7000	3020	-1298	-1626	1612	
2056	19584	-6684	3284	-2138	-2110	368	
2066	20444	-6032	4460	-3050	-2956	122	
2076	20864	-6184	7168	-3728	-5984	708	
2086	18976	-7952	7036	-2526	-10538	-1975	
2097	16544	-8084	4172	318	-12070	-8840	
2107	15960	-5584	2652	2701	-11432	-13423	
2117	15564	-3468	1712	3306	-11564	-12553	
2131	15336	-2188	404	345	-11221	-5024	
2144	16112	-2148	-884	-2498	-9726	1265	
2154	16900	-3588	264	-4392	-8829	5003	
2162	17792	-5364	1448	-5298	-8484	5551	
2172	18092	-6996	2472	-4720	-8460	2291	
2183	18688	-6604	3604	-3568	-9054	-2567	
2193	18788	-5300	4292	-1992	-11228	-6142	
2203	17828	-4100	2984	-31	-13412	-8386	
2213	16636	-2860	564	1784	-14283	-9289	
2224	16156	-2604	-988	2938	-14558	-8094	
2234	16304	-2900	-1392	2184	-14340	-4865	
2244	17360	-3348	-676	-301	-14771	155	
2252	17484	-5232	-748	-2794	-15201	3435	
2265	17228	-7388	-1304	-3858	-14298	1773	
2273	17376	-6680	-1396	-4308	-13447	-1557	
2283	17984	-4528	-824	-4224	-13344	-3164	
2293	17808	-3224	-440	-4442	-14357	-2377	
2304	16772	-3828	-428	-3957	-15956	-1724	
2314	15584	-4576	-1724	-2723	-15683	-3892	
2324	15584	-4200	-2496	-1164	-15007	-6352	
2334	16684	-3096	-2952	-855	-14843	-6303	
2344	17824	-2812	-3240	-1887	-16120	-3222	
2355	18112	-4120	-3756	-2939	-17132	-795	
2367	17780	-6392	-4772	-3203	-16866	-2238	
2377	17660	-7320	-2944	-4270	-17533	-4724	
2387	16704	-6704	-2456	-5903	-18298	-6866	
2398	15828	-4744	-1920	-7374	-19034	-7373	
2408	15884	-1912	-2484	-9144	-19798	-5988	
2418	15824	288	-1800	-10258	-21475	-3507	
2428	15236	1484	-2772	-8912	-22713	-2088	
2439	13908	1548	-5208	-6287	-22978	-2074	
2449	13920	1316	-6016	-3361	-22852	-3022	
2457	13780	660	-5584	-1689	-23196	-2735	
2469	14164	-224	-5828	-1771	-24233	-915	
2484	13748	-2332	-6348	-2616	-25352	119	
2494	12108	-3168	-6488	-2831	-25540	-1678	
2504	11488	-2656	-7120	-2037	-25104	-5187	
2514	11404	-680	-7348	-702	-25474	-7473	
2525	11608	476	-8396	383	-26303	-7006	
2535	11704	520	-8088	1356	-28074	-5019	
2549	10356	-1068	-8700	1778	-31010	-2288	
2560	8788	-2960	-8264	1317	-32761	-1866	
2570	7080	-4092	-10236	1024	-32768	-3740	
2580	6092	-4248	-10568	942	-31775	-7417	
2590	5844	-3244	-10428	1490	-31825	-10488	
2603	5180	-1868	-10800	2840	-32768	-12351	
2613	3716	-1332	-12340	3539	-32768	-11907	
2623	2304	-964	-13608	3526	-32768	-10294	
2633	1164	-772	-14052	1904	-32178	-7064	
2643	-92	-1056	-12732	-584	-30810	-3542	
2654	-860	-636	-13528	-2634	-28874	-1580	
2664	-1520	156	-15812	-3168	-26771	-1635	
2674	-884	2316	-15052	-1351	-25370	-2852	
2684	-96	2928	-15972	1851	-23990	-3600	
2695	452	3136	-15452	4738	-23715	-2450	
2705	428	1376	-13640	5407	-24981	816	
2721	-1644	-2564	-13192	4163	-26355	2486	
2732	-2548	-3320	-14636	3587	-24970	-356	
2742	-2632	-2472	-15416	3724	-23131	-3474	
2752	-2000	-1176	-15668	4325	-22107	-4883	
2760	-2480	-1092	-15168	5079	-22608	-4688	
2770	-3236	-2012	-14324	5222	-23524	-3856	
2781	-4532	-3024	-13724	4548	-23920	-3749	
2791	-5180	-3204	-13956	3922	-23680	-4214	
2801	-6052	-2772	-14012	3310	-22883	-5055	
2813	-6116	-1356	-15720	3028	-21350	-4936	
2824	-5972	-564	-15744	3183	-20376	-3927	
2832	-5864	-516	-15196	3331	-20045	-2331	
2842	-6488	-1736	-13436	3503	-20093	-1582	
2852	-7316	-2612	-12820	3815	-20224	-2236	
2863	-8048	-2644	-12352	3814	-20082	-3305	
2873	-8232	-1744	-12732	4372	-19606	-4386	
2883	-7976	-648	-13028	5220	-19040	-4114	
2893	-8100	-380	-12244	5829	-19295	-2172	
2904	-8120	-588	-13568	6479	-19865	213	
2914	-8752	-2400	-12812	6405	-20109	1928	
2924	-9340	-4144	-11996	6404	-19947	1360	
2934	-10336	-5460	-11220	6445	-20137	-723	
2945	-10688	-5412	-11516	6107	-20033	-2575	
2953	-11420	-5380	-11520	5535	-19487	-4114	
2963	-11828	-4268	-12004	4847	-18825	-4669	
2973	-12008	-3376	-12284	4897	-17984	-4583	
2983	-12168	-2884	-12360	5097	-17067	-3523	
2994	-12300	-2772	-11660	4750	-16522	-1293	
3004	-12528	-2840	-11072	4316	-16161	964	
3014	-12696	-3456	-10904	4442	-15804	1842	
3024	-12780	-3928	-10368	4992	-15375	1299	
3035	-13104	-4776	-9284	5525	-15378	41	
3045	-13584	-4928	-9440	6138	-15225	-1584	
3055	-13460	-4488	-10072	6393	-15250	-1387	
3065	-13628	-4748	-9952	5730	-15106	-13	
3074	-14248	-5244	-9964	4311	-14026	1126	
3084	-14344	-5240	-9636	3117	-12481	981	
3096	-13632	-4224	-9180	2767	-10944	-288	
3104	-12316	-2896	-8388	2910	-10422	-602	
3115	-11340	-2132	-6896	3424	-11436	429	
3135	-11472	-2716	-6040	5211	-15119	2051	
3145	-12740	-4268	-5300	6636	-16405	1186	
3153	-14152	-5484	-5384	7089	-16648	-311	
3164	-14196	-5644	-5428	7083	-16733	-1435	
3176	-14432	-5244	-5824	6788	-16912	-1210	
3184	-14672	-5200	-5896	6675	-17078	-1086	
3194	-15112	-6056	-5612	6783	-17262	-1292	
3205	-16192	-7356	-3696	6405	-17537	-2072	
3221	-16960	-7444	-4596	6047	-17438	-3930	
3231	-17080	-7024	-5528	5953	-16808	-4594	
3241	-17076	-6408	-5768	6209	-16682	-3789	
3252	-17524	-6968	-6052	5361	-16401	-2076	
3262	-18640	-8364	-5504	3762	-14705	-1469	
3272	-18576	-8276	-5788	2349	-12341	-2041	
3282	-18300	-8088	-5120	1266	-10429	-2510	
3293	-18476	-7976	-3616	-24	-8732	-3239	
3309	-17876	-7488	-1732	-849	-7591	-4798	
3319	-16752	-5568	-2972	-601	-6835	-3886	
3330	-17212	-5884	-1960	-808	-7084	-2310	
3340	-17788	-6360	-2188	-583	-6664	-2183	
3350	-18300	-6476	-2356	-256	-5366	-2873	
3360	-18512	-6144	-2576	-278	-3950	-2957	
3371	-18972	-6644	-1396	-593	-3034	-2401	
3381	-19456	-7404	-808	-987	-1553	-2822	
3393	-19864	-7492	-920	-1077	415	-4406	
3403	-19732	-6352	-1464	-1221	2104	-4339	
3414	-19272	-5420	-2912	-802	3505	-3437	
3424	-18928	-5576	-2748	-556	4256	-906	
3434	-19172	-7204	-2732	-1001	5147	1439	
3444	-19840	-9096	-3004	-1381	6524	871	
3454	-19940	-9796	-3416	-1774	8608	-1535	
3465	-19692	-9808	-3496	-2564	10516	-3712	
3477	-19784	-9844	-3736	-4078	12247	-4905	
3485	-20100	-10068	-3368	-6083	14225	-5819	
3495	-19932	-9124	-4760	-7467	16715	-7454	
3506	-18316	-6736	-5444	-7186	18604	-7427	
3516	-16136	-4916	-5624	-7328	18313	-2729	
3530	-15888	-6660	-4672	-8514	17037	4054	
3538	-16400	-8752	-3380	-8302	16724	4254	
3549	-16432	-9124	-4156	-7693	17659	976	
3559	-16372	-9228	-3248	-7714	18455	-2973	
3569	-17640	-9736	-2984	-8614	19193	-6789	
3579	-17712	-7920	-6416	-8564	21730	-11057	
3590	-15392	-4724	-7440	-7722	23650	-10276	
3600	-12896	-3128	-7676	-9545	22118	67	
3610	-13480	-5712	-6644	-9941	19955	7132	
3620	-14300	-8628	-6960	-9796	19818	7887	
3631	-14388	-10620	-6572	-9323	20952	2972	
3641	-14568	-11004	-5196	-9933	22914	-3819	
3651	-15032	-9880	-4000	-11341	24653	-9767	
3661	-14576	-5888	-7720	-11715	26649	-14329	
3670	-10348	2192	-13412	-9936	28691	-12175	
3682	-5656	3952	-10036	-8970	26043	853	
3690	-4956	1580	-7560	-9639	20940	14015	
3700	-6272	-4880	-7676	-8977	16263	18638	
3710	-9224	-10240	-9668	-6742	16245	10589	
3721	-9704	-10632	-10096	-4384	19293	-3183	
3731	-9156	-7996	-8196	-4394	20140	-11014	
3741	-9192	-4744	-10312	-5784	20119	-12795	
3751	-7888	-436	-15664	-6040	20762	-10050	
3762	-5996	188	-14304	-6571	20500	-2367	
3772	-4840	-1256	-11668	-7495	17599	5552	
3788	-6948	-6956	-12900	-5010	16005	3344	
3799	-8084	-8776	-13592	-3724	16932	-3055	
3809	-9092	-9236	-12736	-4576	18308	-8374	
3819	-10252	-8948	-13516	-6348	19804	-11291	
3829	-9644	-6208	-16916	-8296	23158	-11666	
3837	-7092	-2548	-18828	-10600	25952	-6563	
3850	-4656	-2408	-16036	-12877	26296	1982	
3860	-5160	-4968	-13280	-13488	24688	6126	
3868	-5660	-7268	-14784	-12808	24976	4305	
3883	-6040	-8952	-13736	-13582	27841	-3237	
3895	-6756	-8124	-11628	-15190	30812	-9763	
3913	-5080	-1556	-11180	-16741	32767	-14573	
3923	-1660	4584	-14536	-16722	32767	-8746	
3934	532	6188	-14320	-17145	32767	2503	
3944	1280	3404	-14580	-16010	31642	10772	
3954	984	296	-14896	-14593	32767	14018	
3964	1192	-2396	-12860	-14146	32767	13362	
3975	2008	-3500	-9556	-14547	32767	10629	
3985	3164	-2928	-8428	-14457	32767	7353	
3995	4156	-864	-9788	-13262	32767	4055	
4005	5864	2572	-14004	-11494	32767	3032	
4018	7828	4216	-13736	-10403	32767	7597	
4028	9664	3064	-11776	-10983	32767	13724	
4038	9660	380	-10028	-11860	32767	17563	
4048	10936	-1832	-8424	-11208	32310	16221	
4059	11824	-2404	-7548	-10087	30159	12243	
4069	12816	-2148	-6040	-9036	26672	7680	
4079	12960	-1020	-6880	-7286	22925	3279	
4089	12576	284	-8252	-4989	20844	-648	
4102	12672	1528	-8936	-4073	20616	-1969	
4112	12756	2008	-8940	-4945	19632	-27	
4122	12492	1324	-9604	-5612	18945	1418	
4132	12532	660	-9180	-5232	19382	423	
4143	11964	-536	-8000	-3977	19563	-3082	
4153	10776	-808	-7968	-2513	18747	-7092	
4163	9180	-364	-9912	-1659	19800	-10661	
4171	9364	1656	-10000	-2460	21996	-10664	
4184	9732	2356	-9796	-4767	23697	-6820	
4192	9872	2256	-8736	-6717	24995	-3201	
4202	9588	652	-7832	-7544	26551	-2082	
4212	9520	-100	-6720	-7810	28677	-3831	
4222	10316	640	-4864	-8206	30619	-5492	
4233	10884	1816	-3960	-9550	31513	-4719	
4243	11776	2796	-3704	-10721	31985	-2495	
4253	12412	3044	-3628	-11519	32767	-374	
4263	12724	2200	-2056	-11918	32767	478	
4274	12420	1652	-908	-12056	32767	-492	
4284	13340	1988	1448	-12148	32767	-1897	
4296	14704	3556	3604	-12633	32767	-1703	
4306	16500	4476	7588	-13005	32767	420	
4317	17328	6272	5760	-13009	32289	4010	
4327	17816	5788	4372	-12363	30126	7514	
4337	17676	4524	4948	-10055	29191	9348	
4347	17380	3564	6684	-9453	28789	10758	
4358	18144	1300	7560	-8363	29044	9182	
4368	19036	832	9076	-7730	28232	6857	
4378	19976	1976	9684	-7758	25722	6616	
4388	21028	2268	10084	-7941	21901	7487	
4399	21008	1864	10528	-7743	17718	8034	
4407	19200	1496	7744	-6783	13444	7211	
4417	18428	692	6724	-4925	11030	4840	
4427	17436	-476	7616	-3883	10773	1952	
4444	16972	960	8656	-5289	11176	1374	
4454	16988	2520	9328	-6339	10666	2847	
4464	16816	3336	7264	-6166	10817	3850	
4474	15500	1920	8556	-4022	10224	1439	
4485	15520	392	6524	-3296	6427	1663	
4499	11400	1488	5580	-279	9599	-2889	
4509	12016	2908	7564	1856	10391	-4040	
4519	13296	3944	9452	552	11440	131	
4530	14916	2644	9224	-1178	11402	5107	
4540	14748	180	8000	-1300	10957	5470	
4554	14872	-488	7904	-507	10483	2821	
4564	14328	2888	8292	-4379	12405	6927	
4575	15236	-2184	5224	-4777	8110	8172	
4585	15624	-2588	7156	-2657	4651	3820	
4595	15568	-1124	8860	-3309	4996	1934	
4605	13848	-2240	10376	-2182	6038	-1473	
4618	15616	1796	12224	-4645	6181	2419	
4626	15660	1192	11604	-6234	5320	6578	
4636	15160	24	11024	-5886	5116	6969	
4648	15348	-612	11112	-4519	5422	5163	
4659	16428	-776	11084	-2502	5205	1758	
4669	17660	316	12280	-1071	3389	300	
4683	18460	616	12220	-330	-1779	1953	
4694	17416	-1936	11360	37	-4071	2059	
4704	16280	-3596	10692	497	-4457	-980	
4714	15296	-2848	10408	694	-4458	-4021	
4724	15848	-532	10052	189	-4942	-3391	
4734	16804	-108	11244	-1666	-6738	507	
4745	17620	-1360	11964	-4079	-8727	4390	
4755	17544	-3288	11416	-5177	-10054	4565	
4767	17372	-4336	11692	-5141	-9951	884	
4777	17496	-3588	12396	-4617	-10004	-3344	
4788	17204	-1084	11916	-3579	-10976	-6324	
4798	16544	1216	10212	-1793	-11622	-7493	
4808	17216	2744	9416	-307	-12541	-5158	
4818	18664	1260	9144	-830	-14520	-1396	
4829	19412	-1308	10480	-1462	-16567	1641	
4839	19828	-3580	12768	-3365	-18273	2663	
4849	19084	-6040	13332	-5376	-19320	354	
4859	18324	-5304	13484	-5760	-20933	-4985	
4870	17432	-1840	12020	-4624	-22691	-9885	
4878	16664	1164	9236	-1454	-23712	-13620	
4890	14864	3180	6980	2245	-23113	-15197	
4898	15536	4836	7004	3498	-23669	-11985	
4909	16660	3428	7624	3255	-25537	-6697	
4919	17740	1704	7984	1551	-28143	-1368	
4929	18492	-396	7800	-509	-31033	2479	
4939	17924	-3020	6348	-1037	-31647	1007	
4950	16600	-4000	4716	352	-30077	-4973	
4960	15296	-2464	2632	3457	-27519	-12440	
4970	14716	644	1904	6749	-26167	-17227	
4980	14468	2588	744	8320	-26826	-16074	
4990	13740	2412	136	7280	-27986	-10870	
4999	12844	1268	16	4302	-29255	-4516	
5011	11224	-1148	-1720	764	-28465	-771	
5019	10888	-2296	-3568	-1500	-25096	-983	
5029	12192	-1536	-4284	-2421	-22330	-2915	
5040	13912	336	-4192	-3204	-20575	-3410	
5050	14832	304	-2448	-3572	-20729	-3981	
5064	14216	1008	-2500	-3595	-21854	-4933	
5072	13240	1460	-2960	-3358	-22622	-5897	
5093	12484	4008	-4044	-3637	-22729	-4051	
5105	12580	4712	-5688	-2994	-22151	-2548	
5113	12296	3348	-6124	-1378	-21110	-3223	
5124	11728	1816	-6120	547	-19668	-6446	
5134	11372	2224	-6680	1449	-18595	-8438	
5144	11968	3184	-7060	1262	-18501	-7373	
5154	12080	3304	-6636	89	-19074	-4515	
5165	11824	3244	-6360	-1979	-19860	-1181	
5175	11972	3296	-6264	-3466	-19998	895	
5185	13296	4428	-6128	-3970	-19910	2079	
5195	14252	4440	-7364	-2829	-19960	1873	
5203	14044	2220	-7964	-90	-20434	-2188	
5220	11800	1176	-8628	4191	-20307	-11194	
5230	11572	3028	-7840	4672	-21673	-11734	
5240	11024	3964	-8000	2538	-24401	-7085	
5251	9848	3376	-9816	656	-25768	-3180	
5261	9080	2208	-10968	253	-25168	-2893	
5271	8300	1760	-11936	786	-23040	-5499	
5281	8664	2448	-12420	1631	-20864	-7732	
5292	9816	2992	-10132	1480	-20908	-7786	
5302	9412	2892	-10152	747	-22385	-7036	
5314	8136	3340	-11624	1292	-23936	-7584	
5324	7980	3468	-11452	1903	-24198	-7792	
5335	7504	3540	-9964	601	-25569	-5985	
5345	7420	3656	-10712	-868	-27144	-4195	
5355	6664	2372	-12084	1389	-27476	-6951	
5365	4400	2244	-12984	3420	-28438	-11243	
5376	3960	1612	-12384	5263	-28412	-15700	
5386	2668	2692	-11252	5851	-29410	-17633	
5398	1540	3448	-10972	5735	-31244	-16829	
5408	456	4456	-12460	5361	-32768	-14364	
5419	-1076	4340	-12936	4939	-32768	-11556	
5429	-2400	4316	-15360	4921	-32266	-10036	
5439	-3336	3720	-15260	5649	-30949	-10115	
5449	-4992	3200	-16252	7178	-29559	-11753	
5457	-5740	2976	-16312	8416	-28247	-12541	
5468	-6896	2360	-15316	8502	-26834	-11817	
5480	-7756	2608	-15872	6342	-25019	-8130	
5488	-7932	3036	-15904	3943	-22880	-4069	
5498	-7964	3340	-17804	2208	-19986	-993	
5509	-7396	3532	-18928	1673	-16236	407	
5519	-6152	3140	-18376	1966	-13129	694	
5529	-4584	2444	-16120	1730	-11738	1296	
5539	-3864	1216	-14104	556	-12168	2055	
5550	-4020	-32	-12696	-343	-12926	381	
5560	-3516	812	-12004	96	-13839	-3260	
5570	-2604	3076	-12336	1052	-14984	-5285	
5580	-1988	4456	-11828	2363	-16736	-5398	
5588	-2816	3624	-11132	3612	-18916	-5381	
5601	-4504	2216	-11952	4978	-20012	-7474	
5609	-5888	1476	-11760	6834	-20570	-11056	
5619	-7044	1164	-11460	8377	-21437	-13694	
5629	-8068	1040	-10308	8993	-23193	-14304	
5640	-9072	1100	-11216	8663	-24246	-13111	
5650	-10232	1248	-12160	8502	-24513	-11919	
5660	-10868	1368	-13396	8746	-23751	-10949	
5670	-11248	1384	-13760	9279	-22799	-9917	
5685	-12348	-484	-12728	9384	-21654	-7858	
5695	-12760	-1176	-12808	8629	-20436	-7089	
5705	-12904	-1644	-12564	7483	-19176	-6348	
5715	-12708	-1228	-12852	6362	-17490	-5438	
5726	-12256	-1080	-11360	5180	-16267	-4187	
5736	-12296	-1416	-10376	4508	-15951	-4033	
5752	-12060	-872	-9316	5362	-15896	-5843	
5761	-12060	-308	-9476	6431	-16367	-6166	
5773	-11848	-256	-8960	6753	-17088	-4378	
5781	-12312	-1640	-8236	6435	-18152	-2617	
5791	-13784	-3580	-6960	6689	-18795	-3460	
5801	-14460	-3740	-7104	6781	-18584	-5574	
5812	-13976	-2604	-8468	7023	-17792	-6249	
5822	-14028	-3028	-7124	6779	-18232	-5755	
5834	-15408	-4392	-6016	5816	-18283	-5929	
5847	-15616	-3648	-7436	6130	-17116	-7589	
5855	-15048	-2516	-7948	7196	-16430	-7817	
5865	-14588	-2700	-6168	6817	-16648	-5203	
5875	-15364	-4220	-5788	5542	-16932	-3145	
5892	-16588	-5576	-5068	5073	-15859	-5417	
5900	-16716	-5092	-4944	5445	-15482	-7621	
5910	-16628	-3956	-5168	5566	-14585	-8395	
5920	-16288	-3384	-5044	5934	-14103	-7876	
5933	-16516	-3468	-5204	6259	-14030	-6234	
5943	-16280	-3624	-6608	6255	-13259	-4338	
5953	-15648	-4016	-6168	6052	-12873	-2255	
5963	-15524	-5844	-4356	4803	-12666	-568	
5974	-15768	-7048	-3108	3520	-12769	-1091	
5984	-15464	-6592	-2200	3242	-12611	-3053	
5994	-15316	-6116	-1768	3130	-12941	-4773	
6004	-14852	-4380	-2208	3419	-13057	-5555	
6017	-14600	-3600	-1752	4225	-14736	-4349	
6027	-15752	-4872	-2196	4697	-16482	-2119	
6037	-16308	-6292	-2524	3950	-16331	-705	
6047	-16936	-7428	-2140	2976	-15788	-610	
6057	-17724	-8528	-780	1383	-14300	-1909	
6068	-18068	-8180	36	111	-12926	-3891	
6078	-17620	-5680	128	-135	-11079	-6428	
6088	-17268	-4240	-756	326	-9686	-6755	
6100	-16032	-2396	-1296	1271	-9783	-4231	
6111	-16120	-3228	-816	1672	-10718	-1193	
6121	-15892	-4416	2080	1920	-10442	85	
6131	-15632	-4564	268	2533	-9212	-46	
6141	-15476	-5688	1396	2905	-8841	-779	
6152	-16132	-6744	1684	2879	-8081	-2486	
6162	-16148	-6680	1332	3030	-7382	-4960	
6170	-16172	-5748	1232	3333	-6276	-6680	
6182	-14888	-4320	952	4187	-6677	-6150	
6191	-14960	-4876	2192	4392	-8704	-2993	
6201	-16456	-6956	1956	4284	-9986	-1273	
6211	-17352	-8420	1208	4281	-9575	-1958	
6225	-18080	-8908	336	3877	-8226	-3672	
6236	-18932	-9624	1492	2793	-7055	-4131	
6246	-19632	-9888	2296	957	-5687	-4352	
6254	-20344	-9944	2796	-362	-3603	-5149	
6270	-21048	-8872	3812	-1636	-790	-6157	
6281	-20760	-7604	3968	-1850	951	-5729	
6289	-20432	-6684	3628	-2117	2257	-3841	
6299	-19948	-6272	3496	-2356	3670	-1517	
6309	-19492	-6604	3404	-2369	5126	224	
6320	-19044	-7060	3596	-2127	6208	945	
6330	-18756	-7612	3876	-1978	6865	912	
6340	-18984	-8128	3664	-1873	7689	321	
6350	-19048	-8444	3628	-1937	8555	-262	
6361	-19164	-8088	2404	-2021	9313	-446	
6371	-18992	-7884	1760	-2256	10170	204	
6379	-18552	-7872	1424	-3052	10751	1827	
6397	-18912	-9432	1132	-4049	11949	2231	
6406	-19836	-10888	1916	-4479	13008	-96	
6416	-20904	-11452	2136	-5004	14284	-3434	
6426	-21488	-10832	1052	-6344	16560	-5980	
6436	-21888	-9804	-32	-8517	20715	-7357	
6447	-21196	-8080	472	-10354	24682	-6982	
6457	-17996	-4672	-416	-11261	26445	-3340	
6467	-15112	-3516	780	-10875	25413	2333	
6477	-14832	-5604	1528	-10153	23090	6761	
6488	-15124	-8044	560	-8793	21628	6237	
6498	-14952	-9176	-380	-7754	21173	3139	
6506	-15172	-9608	-1572	-7669	21145	55	
6518	-15436	-9564	-3112	-8554	22411	-3000	
6526	-15784	-9068	-4076	-9144	23994	-5111	
6537	-14584	-7580	-4016	-10417	24400	-4227	
6551	-12716	-5848	-5288	-12108	22835	1203	
6563	-12780	-7216	-5984	-11986	21562	2510	
6574	-12800	-7820	-4856	-11662	20659	1095	
6584	-13164	-8284	-4740	-11440	20720	-1926	
6594	-14808	-8056	-5164	-11221	21246	-5249	
6608	-16040	-6764	-6000	-12228	23753	-7661	
6619	-15208	-4400	-7480	-12597	26027	-7108	
6629	-12392	-1560	-8516	-12284	27184	-3186	
6639	-11028	-2928	-7024	-12569	25562	4411	
6649	-10916	-5060	-7416	-12369	23459	8014	
6660	-12000	-8668	-6736	-11459	22503	6002	
6670	-13948	-10564	-7668	-11322	24545	-61	
6682	-15604	-10072	-6852	-12272	27855	-6966	
6692	-15060	-6020	-11212	-13301	32178	-10115	
6703	-11856	-1468	-12632	-14378	32767	-6513	
6713	-8956	-780	-11828	-16337	32767	3361	
6723	-8164	-2544	-9840	-16964	32767	11333	
6733	-7096	-4128	-10872	-15599	32767	12690	
6744	-5664	-5520	-10772	-13611	32767	10009	
6754	-5208	-6784	-8856	-12963	32057	6616	
6766	-5784	-8032	-7860	-14030	30552	3095	
6776	-7128	-7932	-10152	-15195	31521	-1887	
6787	-5980	-4056	-14024	-15951	32767	-5529	
6797	-2588	704	-16388	-17752	32767	-1742	
6807	-1168	748	-12828	-19925	32767	5323	
6817	-188	-868	-11796	-20995	32767	9251	
6828	92	-2304	-10884	-20142	32767	7254	
6838	980	-2140	-9940	-18643	32767	1845	
6848	2020	-964	-7128	-17609	32767	-3333	
6858	1740	464	-6084	-16963	32080	-6652	
6873	1300	5356	-11628	-14800	30887	-8932	
6883	3764	9120	-14496	-14199	32128	-3983	
6893	5432	9460	-14156	-14901	32236	5509	
6903	6380	6752	-13588	-15043	31855	12116	
6912	6204	2336	-11612	-13060	31250	11864	
6922	6432	-424	-9228	-10842	30129	7357	
6934	6384	-1428	-7360	-10147	28274	2216	
6942	5616	-856	-7792	-10892	26679	-785	
6952	3828	0	-8048	-11673	26511	-3954	
6963	2972	3024	-11760	-11861	29082	-6223	
6973	5976	7668	-13440	-12932	32457	-2620	
6983	8084	8808	-11700	-14820	32767	5709	
6995	8924	5436	-8392	-15244	32767	12804	
7006	9448	3212	-6648	-13408	32767	11795	
7016	10248	2492	-4380	-11174	31046	8884	
7026	10012	2436	-4580	-9984	29297	6736	
7036	9700	2592	-2444	-10340	28044	5186	
7053	9704	6908	-8668	-9153	30149	4482	
7063	12764	8636	-8564	-8576	32652	10211	
7073	13792	6216	-6688	-9669	32767	17062	
7084	14172	3092	-3920	-10474	32459	20766	
7094	15108	488	-1548	-9497	31814	18705	
7104	15920	-884	-436	-9035	31286	15031	
7114	17184	-1376	1696	-9484	28836	12291	
7122	17224	-1540	2340	-9865	25810	9019	
7133	16708	-144	1124	-9483	24058	5188	
7143	17000	1980	240	-8906	23344	2981	
7153	17856	4164	-1432	-8916	23298	4146	
7163	18616	3812	-248	-9175	22846	6594	
7174	18760	2524	1404	-9242	21477	7935	
7184	19080	1416	4012	-8906	19078	7479	
7194	18808	1188	4724	-8568	16026	6334	
7204	17668	1284	5584	-8246	13737	4108	
7219	14532	3460	4712	-7083	13105	-544	
7229	13308	7784	1740	-4950	16290	-2185	
7239	15944	11540	660	-2499	19267	2342	
7249	18360	10276	2172	-1878	19074	11163	
7260	19516	5924	4848	-719	16788	16594	
7272	19292	-16	6576	949	14482	15853	
7282	19056	-2300	7792	1674	12272	12104	
7292	19260	-1904	7564	771	10540	9643	
7303	18996	-1516	8156	-769	9001	8035	
7313	18548	2008	5068	-664	7728	6633	
7323	19500	3640	3096	2431	6110	6255	
7333	20832	1616	2292	4933	5622	8269	
7344	21084	-1400	5268	3603	3852	11903	
7356	19640	-5188	5708	232	1280	13194	
7366	17924	-7444	4920	-1919	1118	9212	
7378	16088	-5684	7252	-2674	-472	188	
7391	14672	-864	7120	-3079	-3795	-1446	
7401	13176	3104	3820	-2605	-5545	1889	
7411	11360	3936	-860	-1703	-3699	6915	
7421	10824	1764	-2460	-1564	2149	10574	
7432	13180	648	124	-2726	7150	14026	
7442	14944	-248	1860	-3521	9086	17392	
7452	16604	-2428	6648	-2644	7734	18237	
7467	18376	-22364	-804	4134	7847	1748	
7479	31260	-15712	11808	20529	23252	-32768	
7487	32436	6472	14188	7111	12360	-32768	
7497	31092	4976	19556	-1265	-860	-14040	
7507	22600	10008	12784	-3157	-10354	-2646	
7518	17796	6924	8460	90	-14856	236	
7528	13144	4900	6072	1567	-14746	1685	
7538	10828	3248	2576	-728	-13660	6596	
7548	12100	-2236	1708	-1407	-10240	5806	
7559	13840	-2808	2120	-1336	-7212	1761	
7569	15588	-3960	1956	-2909	-5799	286	
7579	16748	-6016	2060	-4781	-3611	-6292	
7589	16056	668	1856	-3355	-4333	-8302	
7600	15952	1052	2056	-3764	-4313	-6638	
7610	17380	1340	3752	-2293	-5900	-7297	
7618	17856	3604	2480	-426	-7049	-6175	
7628	16876	2744	2092	1633	-6939	-4210	
7639	15808	1388	-1368	5065	-6632	-5100	
7649	15080	468	-2468	7724	-4478	-6118	
7659	14000	-960	-2728	9692	-1450	-8119	
7669	10596	-1996	-3508	11763	4694	-13853	
7680	10884	-4248	-924	10552	8847	-18730	
7690	19804	3648	-1532	18969	21397	-12538	
7706	23020	6652	13940	12046	13126	-9233	
7714	17776	4716	6232	14294	965	-9503	
7727	17156	5036	5092	17111	2325	-9913	
7735	16040	5104	3940	12555	2951	-4218	
7745	17708	6008	4984	5117	3510	1889	
7755	18052	5580	4680	4024	539	6115	
7770	16580	2036	5048	2862	-3737	5411	
7780	14496	552	3252	2224	-4402	3420	
7788	14244	108	1964	723	-2719	1745	
7798	14704	868	188	-256	73	-1559	
7809	15096	2904	2240	351	2792	-1994	
7819	15940	3980	3068	431	2321	-1480	
7829	17172	3388	4416	369	1018	-1050	
7839	16828	3508	3980	185	-22	-55	
7849	16332	3508	3356	-159	-984	1004	
7860	15580	2980	2264	-95	-738	1097	
7870	15548	2300	2360	-31	-58	660	
7884	15780	2264	2352	233	253	-787	
7895	15876	3012	2644	240	566	-1179	
7905	16232	3532	2980	95	459	-522	
7915	16220	3488	3380	112	285	-71	
7925	16304	3152	3268	-9	-346	512	
7938	15816	2792	2620	20	-474	302	
7948	15568	2756	2544	90	-17	-105	
7958	15656	2660	2604	101	224	-361	
7968	15960	2936	2748	200	496	-693	
7979	16300	3128	3160	67	199	-308	
7989	15948	3308	2948	33	-40	83	
7999	16068	2992	3040	45	-101	301	
8009	15900	2700	2576	4	-227	246	
8022	15812	2732	2560	127	112	-318	
8032	15888	2788	2680	105	157	-395	
8040	15912	3136	2668	126	328	-443	
8056	16108	3252	3148	6	-49	101	
8067	15988	2980	2804	56	-86	103	
8077	15940	2864	2612	55	-85	35	
8087	15696	2772	2660	69	67	-163	
8097	15964	2900	2672	102	234	-315	
8110	16128	3044	2836	88	118	-187	
8120	16092	3192	2892	109	76	-170	
8130	16092	3060	2940	38	-81	13	
8140	15984	3260	-52	-300	935	588	
8151	11524	1380	-2376	1020	158	-88	
8159	16140	4008	5960	328	-3117	1775	
8169	16400	2844	4768	-1187	-907	1574	
8177	17240	2604	3940	223	-573	368	
8189	16344	2540	4004	54	-1060	-127	
8198	15640	1872	2424	580	-1246	-1400	
8208	15652	2964	1440	372	264	-1601	
8218	10748	8068	-5216	3140	8313	3587	
8228	16752	2212	3424	2592	1604	2878	
8239	17612	2104	9312	-1822	861	4045	
8249	17904	856	5352	336	-3316	3400	
8259	15460	1652	964	79	-1659	1339	
8269	13700	1152	-904	-328	-442	-65	
8280	15708	2604	4024	203	989	-647	
8290	15460	1660	3200	613	361	-2130	
8298	16952	4004	3160	2664	1388	-2406	
8310	15112	2456	1964	2648	1393	-2730	
8318	15748	1820	3808	2775	-173	-3006	
8329	15348	2512	2572	682	-1635	-3633	
8339	15584	2776	1296	1135	-408	-3014	
8355	16212	4752	1552	397	1908	-1619	
8366	16664	5104	3036	-76	1646	228	
8376	17204	4612	4544	-253	328	2168	
8386	16680	3512	3728	-356	-814	3221	
8396	16544	2796	3844	-790	-836	3520	
8407	15772	2636	1632	111	-950	2604	
8415	14296	2760	1576	377	-1206	948	
8425	14656	1060	2388	1803	834	-1310	
8435	14636	1848	1948	1692	370	-2388	
8445	17776	2512	3436	2122	509	-3169	
8456	16020	3552	2384	2436	350	-3364	
8466	15936	4076	4348	1384	-252	-1960	
8476	16008	3964	2396	998	350	-986	
8486	15960	3860	2624	464	263	339	
8497	16392	3340	3432	19	125	1357	
8507	16224	3884	2184	-136	-620	2606	
8517	15868	2632	2832	-148	10	1875	
8529	15632	2024	3060	245	94	729	
8540	15604	2072	3280	366	16	28	
8556	15700	2772	2044	178	650	-1062	
8566	15636	3484	2600	192	818	-797	
8577	16440	3484	3300	-36	117	55	
8587	16372	3360	2756	-102	31	400	
8597	15904	3552	2676	-276	61	1106	
8607	15880	3104	2680	-246	-31	1370	
8617	15724	2484	2748	-70	44	848	
8628	15976	2308	2688	62	-92	64	
8642	15232	2756	2064	576	134	-1086	
8652	16264	3012	3108	572	-363	-1428	
8663	16360	2860	3700	708	289	-2045	
8673	16064	4636	2508	1510	314	-1524	
8685	17012	4356	3168	1452	340	90	
8695	16516	2988	2876	1022	1380	1397	
8706	15688	3372	2152	1416	696	1907	
8716	16192	2844	2400	903	-257	2510	
8726	15940	2516	2456	877	127	1957	
8736	15512	2740	2544	613	-52	2196	
8747	15840	2868	2476	962	394	1485	
8757	15688	2756	2732	825	565	1155	
8769	15600	2536	2604	734	399	737	
8779	16004	2248	2272	664	228	188	
8790	16224	2480	2872	421	225	-420	
8800	15888	3004	2456	20	194	-320	
8810	16156	3128	2296	348	175	-705	
8820	16248	2888	3132	258	334	-645	
8830	15788	3372	2644	868	573	32	
8841	16508	3200	2756	690	-485	-146	
8851	15136	3368	1764	-5	172	233	
8861	16168	2536	3468	188	595	171	
8869	15868	2368	3044	235	509	-326	
8880	15752	1816	2772	408	-139	-1397	
8890	15716	2416	2972	549	-393	-2299	
8900	15780	3020	2576	554	211	-2277	
8910	15756	3488	2240	327	782	-1885	
8923	16548	3656	2732	177	617	-871	
8935	16532	3488	3724	96	-289	-51	
8945	16648	3704	3772	-99	-418	753	
8953	15984	3128	2664	-221	-493	1181	
8964	15840	2552	2968	-18	-390	649	
8974	15848	2628	2760	-126	18	252	
8984	16064	3060	2156	-81	492	-26	
9000	16448	3424	2968	-147	472	538	
9011	15848	3180	2608	-183	28	1011	
9021	16056	2940	2740	-177	-17	1100	
9031	15804	2452	2556	-79	-142	790	
9041	15648	2280	2500	51	-187	152	
9052	15652	2232	2668	270	60	-754	
9062	15744	2816	2368	277	397	-1204	
9072	16096	3336	2688	176	536	-911	
9080	16396	3584	2920	61	247	-255	
9091	16168	3460	3136	-36	42	489	
9101	16124	2996	3200	-112	-346	991	
9111	15628	2464	2632	-81	-313	658	
9121	15712	2160	2500	43	20	-66	
9132	15820	2612	2448	84	270	-509	
9142	15948	3104	2760	140	428	-650	
9152	16216	3268	3036	147	91	-359	
9162	16096	3080	2880	110	-106	-55	
9172	15960	2940	2752	66	-177	38	
9183	15804	2524	2688	150	-100	-275	
9193	15824	2692	2660	205	145	-656	
9201	15968	3112	2688	155	227	-700	
9218	16220	3268	3212	144	163	-460	
9228	16284	3292	2988	2	-40	62	
9242	15888	2928	2876	-23	-8	309	
9252	15728	2712	2692	39	-143	68	
9263	15724	2544	2928	219	-159	-463	
9275	15860	2884	2504	167	-32	-766	
9285	15500	2952	2644	180	199	-1059	
9295	16316	3480	3628	197	1120	-434	
9310	15628	3732	1588	-108	-6	424	
9320	15912	2904	3376	-158	-139	757	
9330	16188	3104	2416	-123	-142	918	
9340	15760	2352	2748	-97	109	441	
9351	15764	2708	2612	39	-120	-132	
9361	15708	2920	2344	55	312	-313	
9371	16160	3308	2864	-75	529	-26	
9381	16248	3276	2856	-254	257	663	
9392	16152	3228	2992	-268	224	1031	
9402	16032	3048	2848	-392	-19	1513	
9412	15852	2664	2764	-324	-9	1437	
9422	15960	2620	2468	21	24	832	
9435	15800	2292	2520	579	-92	164	
9445	15460	2112	2716	547	42	-599	
9455	15664	2304	2472	269	369	-1340	
9465	15992	3012	2444	380	505	-1394	
9476	16272	3280	2968	220	217	-953	
9486	16012	3408	2692	181	93	-434	
9496	16136	3128	2624	194	-75	15	
9506	15784	2556	2680	214	-302	-245	
9517	14464	2188	2600	577	-28	-314	
9527	16180	2664	3748	468	-696	-1104	
9535	15708	3460	1588	759	382	-1347	
9545	16044	3484	2856	666	-64	-1134	
9555	16912	3556	2252	267	771	-256	
9566	15572	3064	1656	537	-73	371	
9576	16152	3292	3072	-31	-742	1463	
9586	15544	2308	2560	-15	-486	1001	
9596	15244	2392	2272	104	-515	204	
9607	15116	2292	1956	36	324	-391	
9617	15808	2680	2552	261	798	-1180	
9627	16256	3244	2844	221	474	-970	
9637	16264	3632	3044	124	184	-327	
9654	16100	3376	2684	-252	-93	1224	
9662	16092	2916	2676	-342	48	1498	
9672	16004	2752	2920	-366	-6	1431	
