	-12664	-7860	-7132	65	60	-97
	-12548	-7920	-7268	58	54	-77
	-12532	-7868	-7176	43	60	-89
	-12660	-7900	-7116	76	39	-83
	-12572	-7916	-7332	75	78	-114
	-12592	-7984	-7184	65	23	-97
	-12564	-7868	-7096	73	35	-117
	-12748	-7872	-7264	70	72	-77
	-12688	-7948	-7260	76	37	-112
	-12680	-7932	-7224	66	61	-102
	-12680	-7884	-7164	82	62	-110
	-12516	-7968	-7184	67	30	-113
	-12436	-7792	-7196	77	49	-128
	-12644	-7864	-7100	59	30	-94
	-12620	-7928	-7204	41	50	-93
	-12628	-7796	-7232	64	46	-65
	-12712	-7876	-7328	41	29	-104
	-12576	-7968	-7172	72	64	-98
	-12584	-7944	-7084	53	55	-92
	-12632	-7868	-7156	40	71	-102
	-12632	-7844	-7308	70	55	-83
	-12588	-7756	-7224	69	55	-95
	-12620	-7924	-7196	86	30	-109
	-12664	-7972	-7200	42	53	-108
	-12676	-7904	-7328	63	42	-74
	-12636	-7928	-7260	62	53	-110
	-12636	-7880	-7172	104	29	-85
	-12696	-7812	-7108	61	50	-127
	-12600	-7852	-7132	56	55	-108
	-12588	-7844	-7192	41	53	-104
	-12668	-7936	-7224	72	30	-111
	-12584	-7900	-7256	50	33	-140
	-12680	-7920	-7140	80	69	-118
	-12612	-7844	-7300	76	31	-110
	-12612	-7832	-7312	60	75	-98
	-12708	-7912	-7240	42	16	-85
	-12728	-7872	-7132	74	59	-95
	-12556	-7848	-7188	72	55	-93
	-12664	-7892	-7124	41	51	-103
	-12608	-7940	-7176	87	42	-76
	-12544	-7944	-7340	80	69	-108
	-12692	-7984	-7240	45	65	-92
	-12616	-7984	-7240	84	67	-95
	-12572	-7884	-7160	66	42	-89
	-12696	-7868	-7152	84	75	-121
	-12628	-7924	-7288	52	39	-105
	-12600	-7960	-7332	40	87	-83
	-12560	-7908	-7196	52	35	-99
	-12716	-7996	-7320	47	44	-74
	-12628	-7968	-7220	59	75	-74
	-12592	-7924	-7212	60	59	-110
	-12688	-7800	-7228	69	50	-93
	-12484	-7968	-7256	52	30	-95
	-12572	-7776	-7236	67	58	-85
	-12756	-7996	-7344	71	56	-114
	-12668	-7940	-7148	63	51	-104
	-12628	-7972	-7288	83	52	-81
	-12712	-7872	-7140	72	81	-112
	-12608	-7868	-7356	71	49	-105
	-12604	-8020	-7212	74	73	-116
	-12544	-7992	-7124	58	53	-99
	-12664	-7896	-7212	63	72	-111
	-12664	-7836	-7144	70	52	-90
	-12620	-7900	-7160	45	58	-92
	-12680	-7804	-7352	64	55	-86
	-12600	-7948	-7240	74	84	-78
	-12564	-8012	-7240	66	85	-92
	-12632	-7748	-7196	28	56	-112
	-12688	-7960	-7248	60	59	-86
	-12736	-7896	-7348	88	58	-98
	-12648	-7928	-7332	97	41	-110
	-12704	-7868	-7356	64	63	-88
	-12644	-7880	-7224	62	58	-115
	-12544	-7868	-7188	60	27	-113
	-12652	-7864	-7180	86	65	-118
	-12676	-8012	-7248	50	41	-99
	-12728	-7936	-7224	82	76	-115
	-12776	-7932	-7252	62	34	-90
	-12596	-8036	-7328	68	43	-134
	-12576	-7892	-7232	48	47	-97
	-12736	-7928	-7144	71	25	-93
	-12700	-7864	-7308	44	75	-86
	-12544	-7744	-7264	71	46	-84
	-12672	-7824	-7212	65	70	-105
	-12668	-7848	-7196	63	23	-74
	-12600	-8048	-7272	63	90	-87
	-12536	-7908	-7116	63	58	-109
	-12636	-7912	-7220	97	53	-107
	-12632	-7852	-7200	74	65	-86
	-12548	-7840	-7084	52	56	-81
	-12660	-7824	-7196	46	59	-110
	-12688	-7920	-7280	78	24	-96
	-12636	-7976	-7320	95	75	-120
	-12464	-7848	-7424	69	49	-104
	-12652	-7912	-7240	67	88	-82
	-12664	-7880	-7164	70	98	-94
	-12580	-7916	-7316	59	36	-79
	-12676	-7840	-7236	39	55	-113
	-12656	-7944	-7352	84	71	-123
	-12588	-7900	-7336	50	26	-100
	-12544	-7928	-7316	69	66	-123
	-12560	-7924	-7164	64	37	-87
	-12616	-7884	-7280	77	55	-107
	-12672	-7960	-7116	72	66	-84
	-12668	-7864	-7292	59	55	-89
	-12592	-7776	-7132	82	39	-98
	-12616	-7832	-7284	61	53	-65
	-12664	-7976	-7220	59	38	-108
	-12600	-7936	-7264	59	75	-113
	-12668	-7920	-7224	51	60	-107
	-12692	-7920	-7308	50	58	-109
	-12640	-7884	-7140	52	109	-96
	-12664	-7980	-7304	57	33	-122
	-12708	-8016	-7136	65	76	-79
	-12628	-7824	-7208	44	33	-92
	-12652	-7852	-7300	46	46	-110
	-12596	-7876	-7260	78	62	-91
	-12596	-7948	-7264	50	44	-98
	-12656	-7952	-7200	64	59	-85
	-12604	-7968	-7316	43	70	-98
	-12700	-7936	-7292	57	30	-111
	-12620	-7940	-7220	89	73	-123
	-12644	-7864	-7168	68	71	-92
	-12656	-7900	-7132	78	67	-112
	-12652	-7928	-7264	90	56	-92
	-12636	-7924	-7244	54	45	-91
	-12652	-7888	-7232	70	59	-130
	-12648	-7956	-7200	53	27	-65
	-12688	-8080	-7288	68	42	-103
	-12544	-7828	-7244	72	46	-113
	-12712	-7920	-7212	66	65	-109
	-13012	-8292	-7048	169	-452	-239
	-12588	-7940	-7140	54	116	-66
	-12592	-7888	-7240	50	-10	-60
	-12672	-7820	-7040	82	86	-120
	-12780	-8032	-7184	-14	134	-48
	-13268	-8340	-6840	-1055	2301	566
	-12720	-6752	-7704	-66	3186	373
	-12180	-5512	-8852	4443	2425	-565
	-10036	-7752	-8316	7217	-2336	-1312
	-8568	-6868	-10820	5079	-1201	12250
	-19632	-10376	-10480	132	7062	361
	-12992	-7888	-7828	-642	-848	306
	-12392	-7724	-6648	150	449	-354
	-13380	-8352	-7144	-221	242	-349
	-12716	-7856	-7032	-1232	574	-1237
	-10852	-8488	-7564	-2581	-2975	-1546
	-6392	-5016	-3588	390	1513	-3418
	-12868	-8080	-6620	140	-91	-165
	-12868	-7936	-7184	193	294	-230
	-12944	-8016	-6508	205	759	109
	-12668	-7908	-7532	402	2518	1295
	-12608	-7816	-7188	177	1215	903
	-12692	-7632	-2284	4398	-2630	3152
	-15000	-7844	-6768	-1454	-2425	1387
	-14404	-7088	-7912	-513	-736	932
	-15396	-8256	-9364	720	1939	332
	-13312	-7576	-6604	2843	1110	326
	-13164	-7616	-4688	3480	-733	2298
	-13232	-7956	-5292	2821	-2929	3272
	-14640	-8112	-7080	1800	-2812	3386
	-14848	-8044	-7700	-2079	2593	-670
	-12708	-5732	-3928	-1044	1841	337
	-13712	-7672	-5364	1897	-2392	1097
	-15588	-8432	-8660	1643	-619	1658
	-15556	-10152	-7760	1110	1077	2836
	-14332	-9920	-6908	-1893	703	2261
	-13552	-9468	-6536	-810	-585	1893
	-14516	-8728	-5188	1254	-1771	1473
	-14452	-8284	-3976	2332	-3277	158
	-14752	-10944	-4736	666	-2787	-1179
	-15952	-8800	-6424	-3686	-1347	113
	-14432	-7888	-6356	-3219	-1381	1254
	-10480	-8276	-2484	-412	-4604	-217
	-12264	-11208	-4096	3845	-12205	-2253
	-13904	-10956	-6724	2172	-7962	-4482
	-12896	-10708	-7276	-4973	-4068	-5199
	-14188	-7476	-8932	-13032	-1335	-3944
	-12476	-9032	-8624	-14265	-592	-1190
	-12600	-7824	-6644	-10827	-1858	-2892
	-12060	-7200	-7552	-9575	-2186	-5171
	-15268	-5432	-9896	-10632	552	-3921
	-14836	-7244	-6616	-10432	4337	-2790
	-11420	-6920	-6804	-11297	1192	-2090
	-15076	-7440	-10968	-11253	-1713	-906
	-16756	-8084	-11052	-8496	1664	-1702
	-14404	-9564	-8408	-6278	1229	-2634
	-14532	-9580	-9544	-6319	405	-3235
	-14272	-10488	-8612	-6671	1351	-4521
	-14156	-9364	-8288	-5158	-679	-4067
	-15668	-8800	-9624	-6589	-1293	-3593
	-15344	-8164	-8800	-9246	-817	-4050
	-15364	-6716	-8860	-9621	-1635	-4096
	-14184	-6204	-7272	-8064	-1375	-5148
	-13104	-6812	-5632	-7769	-2561	-5157
	-12884	-6768	-6280	-9121	-6343	-4735
	-14988	-3892	-9016	-10207	-4914	-5010
	-11580	-4624	-6196	-10753	-3404	-4535
	-11160	-4856	-5992	-11032	-5257	-4136
	-12600	-4668	-8044	-8689	-6322	-3277
	-11540	-6140	-7100	-5946	-5181	-3531
	-11224	-6904	-6992	-5810	-6522	-4073
	-12684	-7824	-9316	-6037	-6633	-4051
	-12968	-8684	-9836	-4951	-4170	-4220
	-11104	-9816	-7532	-5658	-5291	-4116
	-11792	-8580	-7912	-7589	-7050	-3364
	-12836	-7492	-8844	-8428	-5371	-3764
	-12168	-6964	-7216	-6431	-4074	-4620
	-10976	-7080	-5076	-3979	-3979	-5205
	-10676	-7192	-5508	-3572	-6301	-4565
	-11368	-6660	-6128	-4142	-5851	-4145
	-11352	-6780	-5276	-3904	-4845	-4334
	-10516	-7184	-4164	-3596	-5383	-4692
	-10924	-6540	-4896	-2925	-6790	-4983
	-11916	-5720	-5624	-2682	-6151	-4869
	-11992	-5932	-4228	-3345	-5510	-4020
	-11892	-7556	-4992	-3335	-6532	-3132
	-12784	-7232	-6060	-3235	-5405	-4471
	-13212	-5780	-5304	-3119	-3841	-4765
	-12352	-5740	-4012	-5184	-3458	-3812
	-12448	-5344	-3580	-6822	-4130	-3280
	-13364	-5412	-4356	-6233	-4003	-2822
	-13972	-5668	-5096	-4721	-3632	-2711
	-14740	-5696	-5340	-3415	-2071	-3061
	-14712	-5744	-4628	-2940	-1184	-2808
	-14488	-5660	-4288	-2354	-1210	-2351
	-13952	-5828	-3856	-2343	-1004	-2393
	-13432	-5276	-3416	-3495	-1695	-1913
	-13740	-5192	-3720	-4194	-2165	-1144
	-14360	-5932	-5412	-3662	-2052	-765
	-13784	-6536	-5180	-3666	-1350	-1606
	-13752	-6072	-4728	-4651	-1758	-1794
	-13800	-6312	-5276	-5398	-2953	-1013
	-14232	-6308	-7024	-6094	-3352	-364
	-13908	-6880	-7024	-5961	-2537	-572
	-13576	-7112	-6408	-6670	-1903	-1347
	-13256	-7072	-6112	-7525	-2354	-1187
	-13404	-7600	-6880	-7661	-2524	-1166
	-13184	-7372	-6624	-6946	-1664	-1860
	-12832	-7096	-5028	-7037	-1410	-2528
	-12848	-7108	-5044	-7601	-2713	-1820
	-13284	-7624	-5544	-8343	-3226	-1120
	-13396	-8612	-5628	-8085	-4060	-1110
	-13696	-9056	-6540	-7315	-4326	-1668
	-12708	-9124	-7044	-6427	-3501	-2521
	-10576	-8752	-5772	-6394	-3069	-2839
	-8792	-8920	-4116	-7519	-5234	-2870
	-9008	-8956	-5012	-9924	-7269	-2295
	-9768	-9532	-6404	-12766	-6753	-1946
	-9536	-9672	-4800	-14049	-7005	-2314
	-10224	-9436	-4600	-14510	-9809	-1935
	-12220	-9136	-6776	-15101	-10513	-1598
	-13992	-10788	-7568	-15532	-9279	-1591
	-14772	-11472	-8104	-15807	-8605	-1848
	-15068	-10996	-8804	-15029	-7287	-2965
	-14712	-10084	-8188	-13219	-5237	-3847
	-13736	-9220	-6768	-11997	-4028	-4103
	-12952	-9080	-5756	-11383	-3959	-3252
	-13168	-8800	-6132	-10412	-3303	-2921
	-12816	-8948	-5736	-8796	-2562	-3480
	-13204	-9144	-5436	-8374	-2228	-3743
	-13448	-9628	-5508	-8281	-1816	-3707
	-13636	-9832	-5108	-8147	-1778	-3763
	-13384	-9720	-4984	-6346	-1998	-4610
	-13592	-8784	-5012	-5580	-1777	-5646
	-13680	-7744	-4980	-5781	-1429	-5688
	-13868	-7108	-5096	-6404	-1569	-4753
	-13788	-7000	-5560	-6185	-1689	-4246
	-13864	-6932	-5688	-5772	-1597	-4503
	-14164	-5976	-6216	-5179	-1297	-4484
	-14520	-5332	-6432	-4508	-1032	-3563
	-14456	-5368	-5964	-3705	-142	-2841
	-13664	-5528	-4796	-3263	-328	-2430
	-13588	-5188	-5172	-2405	-1294	-2032
	-13780	-5160	-5316	-1471	-1433	-1600
	-13816	-5848	-5508	-905	-2064	-883
	-13864	-7364	-6200	-527	-2722	-808
	-14408	-7972	-6972	-509	-2888	-1241
	-14700	-8272	-7724	-1049	-2109	-1600
	-14124	-7800	-7628	-2106	-1303	-1847
	-13260	-7348	-6640	-2691	-230	-1903
	-12800	-6960	-5268	-3197	-309	-1900
	-13048	-7252	-4436	-3176	-756	-1911
	-13520	-7540	-4476	-3030	-1502	-1986
	-14072	-7804	-4960	-2650	-2028	-2317
	-14236	-7732	-5236	-2977	-2392	-2193
	-14148	-7936	-5112	-4088	-2845	-1603
	-13756	-7916	-5696	-5421	-3257	-1269
	-13928	-7452	-6072	-5551	-3038	-1185
	-13332	-7352	-5952	-5295	-2907	-1382
	-12944	-7492	-5616	-5601	-3301	-1326
	-13192	-6892	-6020	-7205	-3577	-522
	-12836	-6952	-5940	-8380	-4460	886
	-12772	-7284	-6424	-9329	-4904	1353
	-12756	-6872	-6920	-8982	-4709	923
	-12212	-6932	-6704	-8025	-5037	466
	-12320	-7060	-7164	-7374	-5223	-148
	-12960	-6632	-7920	-7486	-4590	-388
	-13008	-6596	-7400	-8176	-4174	-381
	-13480	-6796	-7484	-9707	-4587	-131
	-13956	-6748	-7300	-10520	-3609	-508
	-14000	-5788	-6892	-11016	-2792	-1034
	-14180	-4432	-6604	-11583	-1693	-1078
	-13388	-3804	-6016	-10530	-659	-964
	-12772	-4148	-5552	-9069	235	-1590
	-12004	-4012	-5376	-7688	451	-2470
	-11268	-3992	-4964	-6582	211	-3021
	-10604	-4160	-4244	-5861	-696	-3371
	-10544	-4604	-3904	-5501	-2034	-3648
	-10752	-5244	-4128	-5370	-2823	-4141
	-10956	-6256	-4056	-5585	-4000	-4773
	-11348	-7080	-3544	-6399	-5591	-5281
	-13724	-6788	-5548	-8122	-6655	-4668
	-14480	-7476	-6776	-9415	-4968	-3499
	-14304	-8472	-6016	-8171	-3657	-3963
	-14984	-9456	-5780	-6987	-2615	-4450
	-14744	-10584	-5564	-6595	-1931	-4238
	-14644	-10564	-5312	-7136	-971	-4726
	-13912	-9384	-3908	-6348	-209	-5329
	-13140	-8428	-1808	-5558	42	-5500
	-12272	-7116	244	-5553	-74	-4634
	-11456	-5004	1240	-6622	-11	-3297
	-10580	-5188	1448	-6807	-838	-2303
	-12232	-3740	-124	-5994	-1997	-1317
	-14692	-4020	-3276	-3007	-1110	-69
	-14268	-5908	-3676	244	332	-171
	-14196	-6504	-4192	2259	458	-302
	-14968	-6900	-6120	3591	2080	-531
	-13860	-6876	-6196	5683	4054	-1245
	-13624	-7052	-5404	4689	4521	-1651
	-12932	-7416	-5524	4385	3901	-902
	-12936	-7472	-6584	4922	3357	-256
	-10924	-8376	-5564	810	-12	-788
	-13256	-5312	-5700	-778	163	-303
	-14676	-4068	-6088	-3317	852	2618
	-13196	-7324	-4640	-757	1332	3212
	-11908	-7552	-4504	1175	-1892	1283
	-12636	-4920	-3804	2522	-5617	251
	-15644	-6852	-4896	2619	-5416	1262
	-14492	-8772	-4612	212	-3636	1391
	-14224	-8472	-4396	-1575	-2622	707
	-14388	-7060	-4656	-2215	-2893	361
	-14456	-6324	-4244	-2033	-3277	-313
	-14660	-6060	-4280	-777	-3887	-266
	-16124	-5948	-3724	1074	-3936	-100
	-16400	-6708	-3948	431	-3724	628
	-16836	-7148	-4468	233	-3799	917
	-17124	-7556	-4748	1669	-3457	227
	-16980	-7508	-4008	1765	-2545	-418
	-17244	-7372	-3780	778	-2826	303
	-17752	-7208	-4664	1130	-3177	-384
	-18088	-7560	-4724	3196	-2045	-1498
	-16356	-7780	-3068	3826	-1249	-1872
	-15508	-6556	-2324	2616	-2401	-653
	-16488	-6844	-3772	2203	-2407	-28
	-17084	-7036	-3808	3167	-1922	-608
	-17628	-7840	-3396	4075	-2026	-1301
	-17132	-7724	-3984	5119	-2070	-1493
	-16892	-9328	-4880	4132	-2162	-499
	-16840	-9916	-4884	2032	-2059	-535
	-15700	-7948	-3420	-1769	116	-1218
	-14216	-7432	-3224	-3061	407	-992
	-13524	-6896	-4656	-3833	-830	483
	-13648	-5348	-5624	-4008	-2477	1614
	-13888	-4516	-5752	-5195	-1228	3593
	-13252	-6456	-5504	-6407	-1355	3488
	-13008	-5608	-3768	-5696	413	1946
	-12812	-5580	-3052	-5584	447	1776
	-13696	-5196	-3320	-4600	-664	1559
	-13636	-5252	-2636	-5428	598	2296
	-13992	-5868	-2844	-5059	2314	529
	-14892	-5420	-3572	-2988	1303	412
	-15020	-6348	-3300	-757	-239	821
	-15452	-7156	-3820	-1829	-1627	1328
	-17688	-7180	-6164	-1110	-1359	1354
	-17108	-7000	-4908	-488	-311	961
	-17196	-6692	-5136	-698	-521	1081
	-16516	-6412	-4948	-1912	1475	856
	-15620	-5984	-3456	-1941	2442	226
	-14604	-4744	-2816	-2159	1501	734
	-14176	-4672	-2332	-3050	915	1754
	-14576	-5216	-2648	-3240	19	1895
	-15068	-5356	-3484	-872	390	-222
	-13908	-4800	-1728	-351	652	-1709
	-13824	-4548	-1968	-2258	-1284	-800
	-16180	-4504	-3432	-3910	-456	-282
	-15588	-5108	-4060	-2307	-1572	-387
	18360	-5076	8040	-1886	-6560	20687
	-6552	-10396	1508	-106	-786	-11906
	-9780	-2296	-1380	-1730	1433	309
	-16816	-3912	-4692	-1721	-429	1886
	-15864	-3548	-4004	43	317	290
	-15568	-3816	-4464	2124	1567	-1242
	-15084	-5112	-4252	2001	1328	-1276
	-14548	-5544	-4044	533	711	-720
	-14388	-5472	-4396	-939	-559	371
	-14948	-4672	-4464	-1559	-1552	1133
	-15608	-3920	-4492	-163	-958	673
	-15332	-3928	-4328	1570	-642	-272
	-15276	-4612	-4160	2065	-768	-664
	-15168	-5384	-3648	876	-343	-316
	-15176	-5364	-3836	-906	99	338
	-15484	-4640	-3904	-1664	551	315
	-15388	-4080	-4252	-692	1306	-63
	-15016	-4712	-4308	9	1391	-239
	-14780	-4728	-4476	-70	620	2
	-15052	-4584	-4328	-316	-28	96
	-15176	-4196	-4604	200	-157	125
	-15476	-4276	-4204	828	120	-3
	-15168	-4760	-4184	1043	513	-237
	-14856	-5204	-4108	32	197	283
	-15152	-4464	-4476	-745	-117	594
	-15396	-4080	-4520	-99	347	255
	-15232	-4372	-4368	453	551	3
	-15176	-4684	-4204	491	216	-163
	-14988	-4664	-4336	-81	-38	-97
	-15012	-4640	-4472	-262	-138	38
	-15068	-4344	-4380	52	-140	96
	-15228	-4276	-4412	463	21	-38
	-15340	-4448	-4308	731	-122	-162
	-15136	-4628	-4248	468	-123	-16
	-15180	-4712	-4376	57	-411	140
	-15384	-4520	-4120	-32	-220	40
	-15456	-4344	-4168	-59	219	-69
	-15256	-4628	-4232	-84	679	-94
	-15132	-4508	-4388	-153	881	15
	-15132	-4320	-4428	194	722	-14
	-15012	-4444	-4688	460	316	-29
	-15204	-4384	-4428	665	118	-152
	-15144	-4528	-4412	970	-23	-292
	-14936	-4972	-4228	431	-135	20
	-15272	-4372	-4412	-496	-534	355
	-15344	-4252	-4424	236	-133	8
	-15300	-4540	-4224	478	257	-404
	-15216	-4616	-4300	259	374	-325
	-15156	-4784	-4276	-35	425	-173
	-15052	-4724	-4332	-521	213	106
	-15052	-4244	-4484	-285	258	99
	-15204	-4264	-4396	382	340	-96
	-15232	-4444	-4440	593	429	-110
	-15152	-4728	-4404	346	300	-17
	-15132	-4392	-4464	265	-3	113
	-15040	-4404	-4368	436	13	94
	-15100	-4512	-4328	478	-34	125
	-15104	-4512	-4440	363	19	99
	-15304	-4420	-4384	312	-141	39
	-15100	-4576	-4128	247	-262	-147
	-15272	-4448	-4404	106	-135	-154
	-15264	-4528	-4196	-145	27	-67
	-15260	-4444	-4416	-205	223	-91
	-15340	-4536	-4344	35	456	-176
	-15228	-4504	-4360	8	539	-171
	-15272	-4436	-4524	155	563	-211
	-15016	-4344	-4564	453	644	-312
	-14928	-4560	-4496	610	522	-98
	-15116	-4688	-4388	244	194	363
	-15192	-4548	-4500	-42	84	450
	-15184	-4152	-4532	196	103	186
	-15192	-4260	-4492	377	192	10
	-15148	-4256	-4304	801	418	-122
	-15140	-4432	-4572	1088	443	-74
	-15292	-4288	-4508	1216	497	200
	-15152	-4312	-4700	2539	639	327
	-14792	-5288	-4428	1863	354	336
	-17116	-2604	-3416	-301	-485	1070
	-14536	-5084	-4668	915	-358	486
	-15684	-2740	-4144	2194	936	82
	-14140	-6248	-3368	2685	988	1035
	-15880	-3452	-4652	1422	617	216
	-14856	-4472	-4408	2144	978	228
	-14032	-4876	-4648	-1800	-2158	-453
	-15396	-4072	-3960	211	-59	516
	-15232	-3984	-4384	842	957	-507
	-14652	-4856	-4640	128	381	45
	-14804	-4188	-4648	-92	-324	18
	-15192	-4168	-4632	841	-468	-439
	-15496	-3688	-4608	952	-636	-927
	-15296	-4680	-4384	2603	-57	-1481
	-14472	-5564	-3832	424	-64	-702
	-15564	-4732	-3960	-246	541	-73
	-15032	-4752	-4368	-358	1334	284
	-15256	-3964	-4724	603	1090	-34
	-15208	-4148	-4720	1873	1299	-588
	-15400	-3740	-4816	3703	1807	-929
	-14356	-5580	-4324	4111	1728	-1183
	-14200	-6200	-4372	262	-228	175
	-15012	-4620	-4516	-789	-1096	1041
	-15224	-4400	-4552	151	-576	326
	-15176	-4788	-4484	259	-809	131
	-15824	-3608	-4768	1222	-354	-45
	-15248	-4620	-4704	3721	924	-833
	-14268	-5976	-4164	1619	224	-669
	-15160	-5300	-4200	-302	-124	241
	-14836	-5320	-4120	-1169	-151	236
	-15100	-4808	-4352	-1694	-249	256
	-15188	-4592	-4588	-1490	34	-71
	-15324	-4392	-4440	-591	410	-352
	-15136	-4736	-4472	-480	295	-751
	-15188	-4676	-4492	83	287	-1087
	-15212	-4404	-4580	947	865	-1023
	-14744	-5352	-4540	1207	924	-869
	-14856	-5492	-4216	-265	141	-22
	-15020	-4744	-4552	-79	458	-73
	-15164	-4288	-4832	747	694	-143
	-14684	-5104	-4612	1333	504	-538
	-15044	-5052	-4684	512	77	-374
	-15224	-4628	-4720	942	580	-657
	-14948	-5304	-4584	1524	830	-1076
	-15024	-5212	-4344	622	778	-1118
	-15084	-5196	-4456	906	1256	-1170
	-14148	-6120	-4400	369	1065	-841
	-14512	-5556	-4780	-403	1066	-176
	-14588	-5192	-4956	-1010	240	76
	-15216	-4492	-4952	626	479	-9
	-14996	-5056	-4828	1821	602	-304
	-14664	-5604	-4608	1945	539	-454
	-14556	-5848	-4572	631	-10	27
	-14908	-5420	-4764	120	-278	136
	-14720	-5292	-4736	488	-369	-28
	-14732	-5508	-4540	96	-572	44
	-14716	-5356	-4724	-192	-624	-100
	-15020	-5228	-4568	174	-135	-337
	-14812	-5672	-4384	109	223	-329
	-14956	-5324	-4656	-417	401	-132
	-14788	-5220	-4744	-162	334	-140
	-14776	-5560	-4524	146	331	-172
	-14680	-5492	-4644	61	439	22
	-14788	-5276	-4604	-66	118	162
	-14712	-5636	-4600	-328	-106	349
	-14900	-5080	-4712	-681	-380	510
	-15124	-4596	-4876	145	-166	268
	-14956	-5044	-4684	1278	185	-224
	-14716	-5388	-4580	1590	283	-398
	-14568	-5944	-4408	346	-76	9
	-15212	-4888	-4848	-525	45	309
	-15132	-5140	-4604	596	586	-92
	-14672	-5396	-4892	789	545	-265
	-14760	-5460	-4636	133	75	-176
	-14912	-5360	-4700	-9	229	-27
	-14748	-5416	-4736	-128	179	13
	-14856	-5464	-4716	-48	153	-166
	-14692	-5264	-4936	-98	263	-341
	-14624	-5640	-4624	-487	247	-292
	-14816	-5172	-4784	-984	4	-86
	-14652	-5136	-4788	64	20	-459
	-14908	-5268	-4812	129	-31	-246
	-14684	-5352	-4896	209	-269	-206
	-14988	-5300	-4604	5	-370	-95
	-14872	-5472	-4860	-271	-268	-161
	-15016	-5376	-4724	-93	54	-388
	-14032	-6312	-4340	111	-204	-637
	-14896	-5092	-4624	-707	-489	24
	-15064	-5628	-4744	-16	46	-526
	-14896	-5200	-4948	1572	-39	-742
	-14552	-5724	-4980	624	-617	592
	-14796	-4848	-5144	1094	-711	574
	-15000	-5072	-4856	1903	-1788	1108
	-14892	-4948	-4212	1303	-4023	1818
	-14220	-5828	-3876	1673	-4463	2336
	-15536	-3872	-3940	687	-5280	2493
	-15324	-4028	-4048	4581	-5163	2102
	-15808	-5200	-3320	5052	-5228	1048
	-15144	-5708	-2480	3482	-5199	1020
	-15788	-4304	-2152	2690	-4501	816
	-16128	-4344	-2168	4544	-2764	-589
	-15804	-5212	-1840	4799	-1837	-1230
	-15752	-5656	-1236	3580	-483	-2036
	-15508	-6380	-1168	176	794	-718
	-15512	-5760	-1696	-1739	2135	262
	-15748	-4680	-2344	-1078	2855	310
	-15168	-4448	-2780	739	3562	83
	-15056	-5324	-2880	2390	2628	-164
	-14880	-5384	-2724	1496	296	418
	-15344	-4684	-2892	1762	-685	413
	-16340	-3628	-1184	2894	-701	711
	-15936	-5648	-1960	1046	691	556
	-15616	-5700	-2260	-875	1461	696
	-15224	-4676	-2632	-1694	1395	751
	-15452	-4512	-2876	-273	1225	-140
	-15192	-4912	-2768	247	802	-451
	-15452	-5104	-2924	260	826	-374
	-15260	-4968	-2752	1321	774	-715
	-15168	-5560	-2716	537	570	-448
	-15244	-5440	-2592	-50	636	31
	-15244	-5360	-2784	-703	643	283
	-15252	-4684	-3032	239	590	-13
	-15272	-5348	-2784	475	515	-124
	-15200	-4964	-3064	293	317	-59
	-15264	-4788	-2972	1113	362	-284
	-15188	-5568	-2512	1281	501	-285
	-15272	-5624	-2588	-356	688	398
	-14888	-5496	-2980	574	1592	1133
	-14672	-5076	-2880	4412	2815	96
	-15000	-5720	-3052	3121	1327	-619
	-14940	-4524	-3152	2139	730	-269
	-14908	-5176	-3212	3440	127	-457
	-14708	-5572	-3208	3257	-1176	43
	-14896	-4620	-3448	4444	-2846	-135
	-14560	-3656	-3000	10525	-4003	-1846
	-15004	-5384	-3856	13928	-7420	-3389
	-15296	-5296	-5652	17973	-4654	-3675
	-16176	-3328	-4296	32537	-7473	-3706
	-12776	-10848	-2828	32767	-10695	-2678
	-5896	-9348	-5316	32767	-24107	1207
	-12244	-13304	-5448	32767	-32768	15980
	-22192	4156	17340	32767	-32768	17818
	-16376	-19252	-1960	32767	-32768	5823
	-4336	5200	20224	32767	-32768	8515
	88	18204	21804	32767	-32768	32767
	-15360	16256	9776	32767	-32768	32767
	-8800	2924	11820	32767	-32768	32767
	-20712	26128	3632	32767	-32768	32767
	14620	32767	-8004	32767	-32768	32767
	-10160	788	-1164	32767	-32768	32767
	-16788	-1960	11456	32767	-32768	32767
	-4116	3436	15612	32767	-32768	32767
	-25920	-1004	-4420	32767	-32768	32767
	-24744	1388	6236	32767	-32768	32767
	48	8904	10780	32767	-32768	32767
	-32768	-24952	8736	32767	-32768	32767
	-4960	2084	12832	32767	-32768	32767
	-11840	1716	7716	32767	-32768	32767
	-16388	6812	16272	32767	-32768	32767
	-17520	6128	7284	32767	-32768	32767
	32748	32767	7752	32767	-32768	32767
	17544	22452	1816	32767	-32768	32767
	-8004	4112	17952	32767	-32768	32767
	-32768	2212	-32768	32767	-32768	32767
	-1084	3940	10032	32767	-32768	32767
	-1212	1040	6300	32767	-32768	32767
	-23548	-392	-6640	32767	-32768	32767
	-19244	-9092	2484	32767	-32768	32767
	184	744	17520	32767	-32768	32767
	-16756	-2492	8032	32767	-32768	32767
	-32768	-1252	-724	32767	-32768	32767
	-6216	712	15132	32767	-32768	32767
	-14000	12232	9004	32767	-32768	32767
	-2604	11340	4040	32767	-32768	32767
	14584	9220	26484	32767	-32768	32767
	9960	15088	16504	32767	-32768	32767
	-15976	1920	3760	32767	-32768	32767
	-3256	6428	5796	32767	-32768	32767
	-3628	-6520	-2932	32767	-32768	32767
	24432	-32768	-14312	32767	-32768	32767
	-9412	816	5020	32767	-32768	32767
	-8964	4992	7968	32767	-32768	32767
	-8924	1024	9192	32767	-32768	32767
	-4724	4272	3112	32767	-32768	32767
	-4468	4764	1728	32767	-32768	32767
	-24940	17116	16668	27360	-32768	32767
	-32064	32767	32767	27353	-32768	32767
	-1848	4984	20832	32767	-32768	32767
	-360	28652	14032	32767	-32768	32767
	-6880	3104	1364	32767	-32768	32767
	-2104	14984	3724	32767	-32768	32767
	-19156	232	-4328	32767	-32768	32767
	-11412	3452	-5652	28033	-32768	32767
	1996	3000	6696	28721	-32768	32767
	4048	3092	16000	29706	-32768	32767
	-11888	-5376	-2528	26169	-32768	32767
	-15552	944	-7360	25461	-32768	32767
	-9988	-7352	-828	31329	-32768	32767
	-1332	2140	12132	32075	-32768	32767
	-10996	696	2672	25688	-32768	32767
	-32768	11760	-32768	32767	-32768	32767
	-4452	20520	19228	30629	-32768	32767
	-3236	-4252	19176	32767	-32768	32767
	-9564	3444	3096	32722	-32768	32767
	15772	-2440	29216	32767	-32768	32767
	-3752	4524	4184	28130	-32768	32767
	3192	6280	7360	21647	-32768	32767
	-15004	5872	2220	28370	-32768	32767
	-10064	-476	36	19988	-32768	32767
	4644	-2748	5140	16589	-32768	32767
	-11272	-600	-4852	12396	-32768	32767
	-3368	-9988	-8812	17256	-32768	32767
	-8976	-14120	-6764	18119	-32768	32767
	-32768	-16056	-21600	29362	-32768	32767
	-2672	-1248	4468	21110	-32768	32767
	-10400	-2384	2464	22333	-32768	32767
	-9892	1200	3684	24159	-32768	32767
	-32768	-17924	-2824	32767	-32768	32767
	-13384	-1208	5256	26418	-32768	32767
	2996	8024	18080	29265	-32768	32767
	6872	1712	18880	32767	-32768	32767
	-3152	8796	13232	27435	-32768	32767
	17584	9888	32767	32767	-32768	32767
	21472	14112	17280	28807	-32768	32767
	16044	10168	5328	21424	-32768	32767
	-7512	5912	2096	25504	-32768	32767
	16196	5340	13084	19255	-32768	32767
	-1832	5460	-1692	19453	-32768	32767
	-1328	1544	1184	7465	-32768	32767
	-2448	-4704	-7896	4550	-32768	32767
	-5796	-9812	-7436	11421	-32768	32767
	-9460	-11504	-14020	16353	-32768	32767
	-16476	-12544	-12428	14504	-29280	32767
	-19856	-7160	-8964	14830	-32768	32767
	-22844	-6556	-2984	17063	-32768	32767
	-30764	-7940	2584	15800	-32768	32767
	-18972	3952	-4376	19174	-32768	32767
	-10404	-6620	12812	20318	-32768	32767
	-32768	19368	20996	14119	-32768	32767
	-2256	19644	26428	16376	-32768	32767
	-27568	17740	4868	12765	-32768	32767
	-9372	4892	-9976	19425	-32768	32767
	-8316	-492	-10800	12576	-32768	32767
	16860	32767	19004	14761	-32768	32767
	-14284	-1940	-5308	6057	-32768	32767
	-6628	3792	-1248	10201	-32768	32767
	32767	236	-9228	17438	-32768	32767
	1708	4612	-1124	16111	-32768	32767
	32767	-32768	17048	24442	-20630	32767
	13964	-13816	18604	15070	-24180	32767
	4504	-6392	6952	9233	-29454	32767
	-1696	-11540	-6180	10497	-32768	32767
	-4592	-13268	-4236	14554	-32768	32767
	-10556	-9700	-7904	15129	-29316	32767
	-11744	-16124	384	16387	-32768	32767
	-12656	-2848	-948	15970	-29854	32767
	-6852	-648	-28	17382	-32768	32767
	-10512	3104	-5184	21350	-32768	32767
	-15700	924	6380	18376	-32768	32767
	-20544	5608	18332	20731	-32768	32767
	-5772	6064	15456	18802	-32768	32767
	-12348	4692	5236	18183	-32768	32767
	3952	11848	16952	19055	-32768	32767
	-4580	7096	5272	15567	-32768	32767
	1088	9060	18892	22808	-32768	32767
	16412	17064	-5072	5344	-32768	32767
	3560	5608	-1328	-7543	-32768	32767
	-76	2660	-804	-15093	-14839	32767
	23456	3300	11856	-20936	-13512	32767
	6964	-252	768	-16824	-10338	32767
	14944	-9620	2312	-12584	-4082	32767
	17068	-6536	6924	-8604	-4785	32767
	15444	-8044	-2384	-8907	-2943	32767
	7668	-10296	112	-5883	-1566	32767
	11156	-22728	3880	-663	-2	32767
	2572	-14068	520	-3782	-690	32767
	4372	-13792	632	-2009	-2267	32767
	2272	-14460	492	1323	-294	29474
	2844	-14680	2260	4153	355	26672
	4460	-24332	-7708	4762	-32768	-1689
	-3092	-10272	2336	16945	11713	-21209
	15792	-13068	14548	10367	-699	-13004
	3580	-16756	12112	-6755	14664	-441
	10380	-12532	5872	-8366	13381	-4399
	2572	-23288	8056	-2552	10659	-2088
	4556	-21912	5088	-1619	8203	-99
	3084	-22744	3336	-2474	6681	-299
	4124	-22956	3432	-5100	6695	2551
	3064	-24420	4212	-4062	3840	3225
	3716	-23436	3828	-4572	1612	5619
	3972	-22192	3980	-5243	1751	4730
	3168	-21724	3296	-5874	-360	2374
	3068	-21716	2456	-3412	-2650	2735
	2624	-22192	888	-4006	-4232	6056
	3304	-20700	2572	-3193	-5659	3735
	3424	-18040	3032	80	-5229	2364
	-720	-21780	1496	561	-6792	2821
	2724	-16652	2880	-2655	-4792	4006
	1776	-16424	3644	-1169	-4788	797
	3140	-13820	3872	57	-4588	-1866
	-2232	-20480	3388	-215	-2415	-3010
	1340	-15072	1480	-5786	3247	4100
	2540	-13372	332	-3093	-703	-280
	2144	-12392	420	-504	-3712	-1046
	-424	-14840	336	2042	-4806	-113
	596	-14668	-176	1485	-5384	1060
	1196	-14172	136	1616	-7944	-255
	1576	-13032	2652	2822	-9419	-734
	500	-14200	1884	3696	-6776	-1630
	252	-14176	220	431	-3922	125
	1704	-12220	208	-3016	-3632	152
	860	-11416	3052	-1398	-475	1133
	2932	-9900	488	1383	-319	1634
	2228	-9832	632	3924	-3645	1149
	-484	-11036	2100	2834	-1902	732
	-132	-12544	1040	-329	2777	2760
	1952	-11104	164	-1745	2604	1478
	600	-11832	924	232	1136	691
	0	-12028	1312	2220	1719	1265
	1136	-11832	660	1786	2461	1685
	1312	-12032	756	664	1760	956
	616	-12012	1188	-586	2505	531
	352	-11432	1360	-39	3940	656
	1224	-10928	212	247	2488	-387
	308	-12072	776	-738	2880	-1528
	-444	-13324	1220	-1699	3541	-1622
	716	-13588	892	-1390	3202	-962
	812	-15528	628	-88	-213	-1853
	-1396	-19124	1508	-733	-505	-1156
	-1096	-19668	1820	-1846	1337	2175
	1072	-19712	1412	-1579	1731	2028
	404	-21220	1616	-916	764	246
	1120	-21104	1848	-952	1411	1161
	624	-20744	1116	-1610	2928	1520
	1148	-18556	836	-1923	2803	116
	308	-17788	1120	-697	1465	54
	-56	-17840	1252	1011	456	509
	104	-17200	1760	2406	-57	835
	328	-17708	1936	3188	-960	-687
	-432	-18132	2908	2914	-289	-1505
	-880	-18144	2616	2123	2026	-690
	-220	-17752	1936	1703	2478	-178
	-244	-17508	1848	1823	2347	33
	-228	-16436	1380	2439	1892	483
	-448	-16088	1340	3300	866	1575
	132	-15536	1584	3453	68	1366
	-148	-15204	1904	3041	345	1065
	800	-15280	1716	2756	382	499
	1284	-15404	1844	2753	-163	-331
	452	-16736	2720	2649	-680	-995
	-560	-16824	3268	1924	554	-31
	236	-15424	2672	1409	979	1187
	536	-15148	3172	1700	-598	513
	-700	-15348	4124	2110	-874	1063
	-608	-14700	4412	2072	-4	1960
	-984	-15524	4860	2124	752	2306
	-1316	-14832	4176	1375	1621	2773
	-848	-13576	4176	1805	1793	3099
	-468	-13052	4216	2555	819	1892
	-2488	-14572	4460	2355	882	1384
	-2828	-14364	4132	657	2007	2437
	-3176	-14108	4108	-938	1996	2008
	-3720	-13836	4024	-1685	1462	1882
	-4136	-13832	3800	-1630	-14	1502
	-5208	-13580	4476	-2102	-131	2720
	-4204	-11976	4600	-2012	-373	3780
	-3804	-11476	4216	-1024	-388	3949
	-3888	-10932	4080	-58	-722	3603
	-3648	-11484	3772	133	-1379	3764
	-3524	-12748	3192	-520	-994	3704
	-1676	-13492	3108	-1055	-1668	2145
	-2340	-15252	3704	-135	-4086	-470
	-4320	-18052	4128	51	-3035	1020
	-3720	-17332	3152	-2714	-765	3930
	-1092	-15100	2492	-3411	-1248	2506
	-2520	-14684	2552	-1125	-4276	583
	-4140	-16408	2292	1081	-5133	1000
	-4348	-16692	1844	946	-4382	2656
	-3132	-14804	1676	-435	-3497	3760
	-1780	-12676	1240	-1867	-3540	2798
	-1092	-12496	2004	-405	-6292	-295
	-2364	-13524	2864	1420	-7335	-639
	-3684	-14668	2952	1499	-5083	739
	-920	-14600	1464	-670	-2006	-401
	276	-15008	1796	-969	-4136	-3477
	-816	-17056	2120	41	-4292	-3977
	-524	-18060	1632	209	-3368	-2474
	-228	-17756	1604	-1213	-2447	-3218
	-304	-16920	1552	-1934	-1141	-2508
	364	-16052	2076	-2613	-201	-3100
	-48	-16940	1936	-2148	-361	-3795
	-704	-18712	1448	-1972	-1118	-4755
	-1648	-19400	2412	-2838	-681	-3829
	-876	-18792	2880	-4139	2321	-2271
	-152	-18244	2056	-4039	3117	-2593
	-136	-17624	1712	-3684	2156	-2806
	-452	-17824	1944	-3878	2020	-2987
	-296	-18084	2064	-4125	2282	-3268
	-328	-18520	2088	-4099	1957	-2943
	-268	-18636	2412	-3893	1945	-2850
	-432	-18272	2456	-3111	2545	-1726
	468	-17376	2060	-2341	2262	-1142
	616	-16960	1884	-1332	1586	-1183
	572	-16420	1780	-885	1521	-1306
	472	-16120	1560	-535	1466	-917
	640	-15908	1244	-128	1333	-426
	796	-15592	1304	309	1018	-712
	636	-15968	928	516	923	-631
	340	-15908	524	526	526	-402
	556	-15660	712	513	403	-479
	460	-15684	928	882	294	-285
	-76	-15876	760	876	571	-141
	232	-16116	448	311	1229	-574
	-60	-16672	244	-483	450	-801
	-312	-17124	280	-345	-442	948
	-600	-17372	404	224	-1513	2013
	-444	-17468	364	775	-1627	2702
	-476	-17284	884	531	-1805	2394
	-1116	-18912	-80	127	-1985	3786
	3280	-17712	-448	-3258	-9124	-9515
	760	-17164	724	-590	-1518	3202
	-460	-17328	-712	-2836	-3282	5320
	-1356	-18208	144	-4386	-3229	10475
	152	-18208	128	-7017	-1015	15809
	-84	-16168	-1936	-7133	-5281	14748
	-1268	-19328	-1580	-12734	-5509	19785
	-4232	-17064	-2588	-9937	-15476	18705
	-6044	-19084	-2064	-18532	-5825	11186
	-4880	-13688	-5644	-21242	-6894	7773
	-4668	-11080	-1476	-21223	-12160	5696
	-1972	-8412	4648	-15590	-9739	4419
	-6620	-13608	3356	-20951	-13570	6886
	-2852	-13096	-14792	-24552	-13990	-11987
	-5292	-7760	-3000	-6909	-17330	-7004
	-500	-12616	6624	14203	-14227	10450
	-13696	-18340	-7724	3108	-5831	12622
	-4680	-6832	-6752	305	-2723	12529
	-7636	-12364	-3592	8817	3264	12808
	-14840	-6056	-5132	12199	4111	3801
	-3304	-13424	-4016	11944	-2007	1301
	-9692	-14716	-3956	4609	-14487	11054
	-13364	-16896	-5180	-9893	-862	386
	-10668	-11000	-3936	-4601	1960	-5734
	-15052	-11460	-4352	-198	-3811	1818
	-9056	-12380	-3736	-3835	4794	2630
	-6620	-10160	-2132	-1682	-26	5431
	-13900	-18144	-516	-2946	-7143	4791
	-11028	-11880	-4752	-6506	-5990	5314
	-9196	-10292	-2804	-5167	-4197	8196
	-13876	-12268	-3932	-3305	-10257	7907
	-11712	-13852	-2412	-4704	-9787	6374
	-16032	-9924	-5148	-2887	-11057	-2285
	-11648	-10052	-3016	-2150	-6426	-2355
	-13716	-11644	-1096	-1474	-8736	291
	-7320	-8640	-444	901	-17658	-2647
	-5428	-9232	2244	5154	-32768	-13094
	2388	-10692	9668	4494	-32768	-22134
	-25088	-6212	9872	2859	-32768	-32616
	-6020	-19564	11756	738	-32768	-12735
	-13044	-16824	14812	322	-32768	-7719
	-11688	-15068	8088	-2443	-30295	-5668
	-3544	-11896	5300	-4310	-1963	-6978
	2216	-15060	11748	4659	-9987	-6327
	-456	-11128	6480	6556	-5440	-4386
	-1292	-13476	8052	12681	-5865	-4467
	44	-13228	9148	4670	-3738	-330
	180	-12360	9456	3005	-5344	2706
	-504	-5140	-804	4063	-791	4937
	-1304	-10180	3768	-1329	-2365	2944
	1576	-13080	11876	2360	723	-6914
	424	-7176	6080	3278	-5103	-11391
	10448	-7360	19544	6817	-32768	-6080
	10328	-9672	30056	16102	-32768	-17131
	1836	-20956	20872	23924	-32768	-32768
	6744	-18328	10792	28317	-32768	-32768
	8484	-10696	8084	27341	-32768	-31956
	812	-8652	-5380	18207	-32768	-8117
	4224	-12304	-7436	-1918	116	3257
	14348	-9196	-3476	-6974	-1805	-4321
	15392	-3604	-5936	-5881	-1568	-4372
	15212	-3324	-5672	-2021	-725	153
	9832	-4056	-3156	-1503	2349	-1239
	19980	-3652	88	-1223	1391	1210
	17792	320	-3592	5207	-27963	2979
	20696	-7740	-1264	13573	-32768	-11248
	15216	-8508	-3156	17052	-32768	-16475
	8308	-5408	-9256	17621	-32768	-16212
	9064	-6528	-9544	20487	-32768	-21654
	-3048	-13476	-20548	21733	-32768	-24185
	-5008	-10000	-11812	18962	-32768	-18523
	-2548	-9756	-11428	11103	-32768	-11648
	-2724	-7648	-14132	9277	-32768	-12268
	-4924	-2644	-12052	13763	-32768	-13166
	-11048	-10112	-13252	4341	-12658	-2467
	188	-8648	-11584	-5521	-5074	6827
	-7004	-7500	-16396	-1235	-3324	3361
	-2612	-9668	-14028	2361	1826	-2724
	492	-10948	-12752	-677	-1462	2365
	-2192	-9472	-13716	-2722	-5692	8321
	-7292	-7456	-14996	-1580	-3604	7291
	-7880	-7184	-14668	1515	1452	1551
	-636	-5572	-8524	-562	3099	-1909
	4700	-5236	-7984	12728	-32768	-8744
	-92	-8748	-164	20375	-32768	-19344
	-8960	-15828	4008	26927	-32768	-27581
	-13156	-15600	17496	20889	-32768	-31478
	-25852	-17948	7648	32767	-32768	-24690
	-15008	-19008	9140	23997	-32768	-18747
	-5644	-17348	4640	14830	-32768	-13258
	-3708	-16980	8200	8371	-25717	-7058
	-336	-13184	10676	-465	3156	-415
	1208	-11532	10884	-129	1298	-1997
	-9536	-7344	8528	1041	2504	-2215
	4372	-12192	15868	-752	-4811	-3138
	7780	-11520	14512	4556	-32768	-12862
	124	-9232	9908	6533	-32768	-12660
	4936	-13700	9164	7862	-32768	-11153
	10508	-12812	10088	4762	-32768	-4046
	9360	-9848	6032	7384	-32768	-6599
	14912	-9604	10692	14052	-32768	-12497
	7276	-6444	10864	17257	-32768	-13924
	8284	32	6684	15434	-32768	-10312
	9860	-8196	-7360	-21080	-32768	-28823
	3404	-10548	1724	18528	-32768	-16462
	12076	-7724	-1276	32767	-32768	-17687
	11312	-7648	-10500	-27272	-20975	836
	-1676	-12028	-13920	-11270	17252	-20316
	1848	-10400	-11668	12310	32767	-15776
	648	-6640	-3396	-32768	30948	-16175
	6284	-4572	5916	-32768	32767	-14594
	26876	4644	5976	-32768	32767	-32768
	15364	10940	10656	-23390	32767	-32768
	6792	3376	4448	-11560	25305	-32768
	8740	7792	5088	-25048	-193	-25903
	8864	9336	10116	-32768	-115	-27054
	7344	4496	13280	-19578	9219	-32768
	12720	14744	20528	-12583	8140	-32768
	13684	14152	21992	-4688	6557	-25862
	13484	13432	21216	17680	-1349	-12493
	13632	11756	16844	17502	2263	-3100
	14008	14116	14736	-229	5112	-12837
	9456	10212	12164	1432	6085	-15462
	7636	13540	10388	10926	4048	-9166
	6628	10704	9368	11205	1857	-2424
	6656	11504	6840	10117	2528	-6801
	5736	14588	6604	4010	828	-7422
	3456	13572	8464	1861	292	-3394
	3460	11788	7888	6960	3459	-1051
	5688	13244	4820	4935	1908	2143
	5332	12156	5988	-179	-1052	-559
	3224	12280	7188	-8830	717	2
	3536	8488	5728	-10381	640	3124
	4704	13552	6512	-13016	-2851	9428
	4924	11420	9328	-13720	-1864	8924
	5140	11916	8416	-12923	-717	7397
	4804	11244	8896	-13341	-223	8915
	5964	10308	12568	-14898	-921	11338
	7976	11388	11816	-2258	509	-372
	6628	9056	11060	4286	768	-5161
	5680	8536	9852	4472	-2443	39
	6428	10268	10180	8217	-2440	2119
	8032	11988	11260	7137	292	-644
	7072	10584	9888	3857	1378	-3454
	6144	9272	8896	4046	768	-861
	7428	10984	7392	3656	-1755	5265
	8352	11688	8484	2003	-1180	1134
	6228	9692	8524	-547	-2191	2622
	6452	10604	8760	1358	-1132	1766
	7768	12188	9164	1102	-1103	1499
	7404	11772	9592	618	-959	-726
	6144	10400	9800	754	-672	3098
	8128	12580	9408	69	-285	3094
	9160	14068	9944	994	-1465	2832
	7864	12692	11060	3916	-978	1159
	8804	10932	8220	6072	-280	-202
	8272	10704	8984	1053	-2166	2864
	7844	11048	8956	3631	-1342	2007
	7944	9624	7616	7729	-2071	3966
	7820	11948	10096	6359	-2352	6882
	7280	10460	10044	9359	3296	2657
	9784	13184	11916	4465	6479	23079
	9456	6748	6856	-1804	-228	23023
	11264	10620	7300	9643	8191	5502
	13096	10940	6544	-493	6664	9338
	12052	11028	7612	7705	6123	522
	12896	11948	5964	3770	2382	3920
	10072	8540	7652	-145	-1870	16010
	9200	9500	9704	-7570	-9548	24768
	13484	4256	2576	-8326	-7990	22008
	12900	5836	8840	7147	1108	4227
	12588	7236	5292	11146	1494	3581
	12040	7412	5948	4575	-2722	6214
	13820	8904	7924	6340	-1649	2437
	13036	8792	7224	7095	-1630	-3645
	13232	5088	9220	4561	1384	-275
	12732	8636	6688	6987	1299	-6164
	13132	6336	6700	11916	1452	-1780
	11076	8892	6500	-162	5880	961
	14040	7708	6004	-7268	7699	3395
	13360	10328	5784	-7904	5420	446
	11020	9392	7408	-2945	7606	-4447
	12740	10924	9452	-2396	4085	825
	12312	6676	7508	-3387	215	3563
	10500	2592	7060	-9071	-1045	1577
	29128	12672	20212	14058	11886	-19719
	12976	6092	10068	-661	5559	-1993
	15480	7404	10164	6834	-66	-1131
	14024	15952	5244	2230	-3971	3954
	8972	5160	7472	7127	-1422	2553
	11116	6708	7856	-787	2776	-206
	11944	7444	7660	1309	3720	-1852
	11624	9680	6800	4721	2442	-1994
	-3232	5448	4740	13457	-8681	-13523
	12584	8788	5072	5326	623	2401
	12096	8804	9076	6811	-1167	1689
	12184	9700	6172	4071	-3819	3791
	11504	9620	8116	2631	-4127	6122
	11028	8416	6500	2024	-1882	-818
	13172	3248	8276	4428	-3363	-8548
	17016	8084	8132	2446	1968	3326
	7968	8460	4728	1940	-525	523
	11872	10348	5636	630	1868	911
	12820	8524	6452	-1246	-1117	-1041
	10592	11016	3656	1842	-2784	-203
	16104	8932	9460	2634	-5298	3357
	11080	8824	6084	-42	-4259	7932
	14980	8656	6132	2785	-2702	2540
	9456	6416	4740	1283	841	-5582
	12560	8284	4644	-1106	2370	-91
	12880	10792	8008	-2643	1026	5404
	13408	8680	7840	1755	217	2405
	9920	8680	6144	3333	183	4816
	13016	9824	5616	1492	1150	1792
	14620	7612	6328	1974	-2242	1019
	13652	10036	4760	4243	-2462	1734
	11480	8224	4736	2565	-470	2798
	11672	6500	5528	3638	-171	6014
	11508	8868	5096	-1165	-226	9023
	12764	8364	3256	-317	-1856	4607
	12384	8084	4988	-2356	-1469	3915
	14080	7288	4792	1355	1236	2996
	15768	8604	4568	912	143	576
	13748	8104	6216	3868	-1924	1849
	10824	4908	5388	-128	-441	5072
	14180	6700	3284	-1459	685	1553
	16576	7628	3136	291	2178	-2175
	13564	10372	5220	2213	465	-4939
	11180	2400	6684	3846	-19	3205
	14196	8080	4100	-786	338	824
	15408	7360	4680	1635	-31	-2604
	15408	6868	4896	-94	1636	-4276
	11996	6948	4912	-1024	1214	-60
	15460	7504	4892	-372	155	488
	14064	6892	4800	1747	-1514	1014
	12568	6660	3860	2223	718	-1172
	12064	6708	3752	-833	4838	-3883
	14700	9744	5176	1213	-314	-2186
	14556	6152	4404	1554	-2164	-1348
	13888	4656	4920	2703	2990	-7441
	12532	9660	3508	1871	2397	-4595
	15020	8804	4828	1803	1090	-5786
	32767	-32768	-29912	-32768	-10999	15041
	6244	4956	2992	573	2502	-7850
	-4736	14212	-8512	-2078	-25	3069
	9248	8080	7100	1627	2363	-951
	12548	9876	6120	-419	1000	-933
	14884	9932	4900	-1657	-1693	-354
	13768	8232	4260	-799	-2332	1044
	14072	7192	2560	-113	-3365	3283
	13432	9276	5620	1298	-2781	6082
	11840	9132	4592	-297	-1537	1094
	10800	9760	6344	4702	-3767	695
	9508	10088	6156	2169	-560	1825
	12060	10436	6168	-322	559	-2213
	17928	7084	2784	-129	65	1064
	13076	5288	2560	4973	-3800	7634
	10988	7852	3820	-786	98	4568
	15184	10016	1796	-968	-219	-19
	14004	8068	4360	1210	77	-382
	14400	8112	3860	334	1323	-110
	12612	9064	3944	2917	947	-189
	13920	8036	3180	1434	529	56
	14364	7480	2768	2241	-663	-79
	21212	5996	-2064	6469	-1384	-1927
	13068	5420	4592	-727	512	3065
	12668	8708	5584	1719	137	1224
	12324	9764	4708	1922	-1610	3771
	16916	2328	1028	-2873	-3647	2845
	13792	8436	948	-551	-2144	3555
	12700	6820	4176	-595	479	3790
	13628	6452	4388	-1503	-527	5420
	15564	8796	3772	97	-3078	7622
	14992	5568	3244	672	385	4590
	15044	6784	2212	-1107	1728	1854
	14080	6128	984	-1015	467	3280
	14440	6436	3904	1184	3474	-691
	13676	6128	4264	103	2771	-1724
	15048	5472	4396	-691	1516	-2238
	13268	4016	5136	2183	3638	-4108
	16260	8440	2248	2532	3812	-5182
	14324	8212	2976	328	1574	-5610
	14696	6820	5580	466	-455	-1661
	14948	7868	1676	1324	1104	-2896
	12704	5652	5788	-668	4806	-6495
	14388	7628	5320	-2186	170	-2997
	15492	9256	5252	-371	-3330	682
	12900	7280	3744	-538	-655	644
	13084	7164	4188	-1612	1797	-2946
	13568	9944	5860	-1121	-389	-477
	12640	7192	6132	516	-668	2280
	12028	7132	4348	-140	1373	1963
	14888	7476	3336	-38	1572	16
	14060	7896	3348	2139	-337	1302
	12636	6824	3240	750	-364	1749
	14568	7364	2172	-1172	6	453
	14436	7216	2684	120	264	-1792
	12776	6576	5248	-1399	299	-348
	15120	11048	5304	-463	-900	1108
	14436	8524	3880	72	-398	-2626
	9880	7208	5524	-2674	787	-3948
	14300	7404	4632	-2737	1680	-1556
	13272	8040	4384	-706	837	-1291
	14768	6924	4864	670	109	-2998
	14836	7580	4780	-505	960	-2331
	13924	10012	4992	-1566	1415	-2679
	11600	8096	5108	-1919	310	-1247
	14112	7904	3724	248	-1226	1889
	12104	8064	3848	-1870	833	610
	14096	9504	5144	-1838	830	-1095
	13628	9112	4668	-1461	-1466	-187
	12100	7696	5008	989	-526	765
	11784	7576	4048	1939	1483	-499
	12664	8520	5340	1407	1209	-2255
	12948	8316	6216	3494	-33	-917
	12236	8700	5120	2148	768	-2192
	15004	10024	4420	1261	-313	-1041
	12900	6792	3868	2116	-962	1321
	11916	6892	4268	-800	654	-467
	14476	9052	4576	-1914	-210	1074
	15564	9696	2172	-2202	-2207	1091
	11436	7236	4500	-3347	256	-1984
	13836	5528	3068	-3490	-1433	8976
	13756	9264	4076	-1747	-832	779
	13324	12088	6804	-30	336	-1188
	12804	9780	8088	2992	2035	-1002
	15048	7400	5216	3703	-201	-397
	13228	5888	3180	-735	-217	-1986
	13940	5348	3252	-302	777	63
	13108	8028	1304	-4213	-2219	3811
	12476	5236	7196	407	404	-113
	15012	11016	8068	-1428	2715	-4516
	10704	11200	7996	890	2285	-1686
	13412	10160	5892	422	3595	-2375
	14188	7996	4352	469	2239	-1950
	14452	7292	3836	117	904	-1662
	12484	4656	2784	84	756	-1068
	13380	7420	5332	-5592	5510	-8547
	12400	10660	5668	-5896	5759	-6834
	4856	16856	5360	-9110	8326	-2525
	11376	14512	6560	-4445	7518	-7421
	11784	11992	9404	3512	6609	-6118
	6768	7748	9764	-1417	8113	-3423
	6308	10020	6792	-5673	13274	-9628
	13868	11872	4212	2190	6577	-4346
	8408	10052	11164	5844	2501	1972
	5544	8952	11040	73	6675	-2599
	11304	10056	8884	-6373	13922	-10602
	11568	11888	8084	-565	8712	-2841
	5164	9336	9892	8786	612	3646
	9996	7964	7956	1167	1744	5196
	9512	10052	9288	-755	3473	5032
	8720	7944	8392	-3557	3793	-1739
	8856	8380	10108	-295	3666	909
	7556	11404	11980	258	5767	-4123
	8292	10252	10868	-4106	6974	-3055
	7896	9004	9864	-2211	5739	-659
	8964	9160	11540	-7023	5502	566
	9204	12908	10048	-1118	1299	7175
	9460	11124	10816	171	274	734
	7624	9088	11368	2530	137	3709
	7708	9864	11980	969	382	6494
	8000	10096	10180	-57	-536	5397
	8116	8436	9616	1100	-3481	7782
	6472	7372	10080	1436	-2094	8061
	9500	12264	8688	-6829	-2723	14169
	9136	11692	10180	3223	859	427
	8204	2832	4336	8734	448	2362
	12932	1220	11476	9624	2368	269
	8800	10664	9956	-784	2261	318
	12816	7608	10676	1204	-1289	2478
	11884	6012	10412	-725	-2738	10187
	8328	9336	9712	-47	-3701	9820
	10144	7732	10112	-2680	-3319	10896
	10692	4772	9292	-588	-744	2431
	11512	8044	10308	-2196	-1151	6419
	11368	7552	10800	-1062	-3292	5520
	11088	6952	9052	1473	492	-1834
	11424	3796	8156	-1611	624	923
	10940	6496	8504	-962	-272	2484
	7516	22384	20472	6325	2812	-1459
	17644	2736	4092	-4631	1649	4937
	12868	8336	9728	-720	610	-2268
	13672	5992	9476	367	-2785	161
	11160	5924	9268	2044	-4210	1248
	10472	8032	8948	-1123	-1080	503
	10488	5560	10768	-2101	1536	-2222
	11972	6540	8512	-4680	165	-863
	11868	7612	10372	-1559	-3138	765
	8184	7028	7728	2080	-2931	1534
	10880	4472	9656	-357	787	491
	11928	7648	9180	-1025	-1187	-866
	9704	3124	10024	3228	-2385	-5345
	12320	3988	7536	-409	-1021	-1015
	11320	5600	9072	979	159	-1047
	12944	8496	8836	-587	-697	-770
	13120	5348	16632	-851	-2627	-3534
	11140	6080	8876	-1153	48	-1227
	12916	7596	9112	-617	1158	-1931
	11584	6872	9580	-2113	620	-3099
	9760	5300	9780	-1454	-1563	-2703
	10952	6676	9956	-1338	200	-1709
	11136	6804	9260	-2502	2568	-3380
	11572	7072	8836	-2265	586	-3030
	11428	7368	10448	969	477	-1504
	13292	6748	8388	-2741	1051	464
	13216	8396	8084	-3944	-1909	2901
	12220	7472	10060	3924	-4639	704
	10484	5840	9824	268	-4427	2018
	11364	6172	8520	261	39	1016
	12076	6732	10884	1731	3329	-1664
	12184	6212	10764	-1646	-379	298
	12604	5552	9276	-1975	-3368	-128
	10988	4996	9244	-784	-1736	-1585
	12636	5060	9584	400	1840	-4299
	12176	6600	9360	-2289	292	-1725
	11968	5588	9552	2102	-2902	735
	21452	-9392	25412	2463	-8850	23827
	3096	-4900	11672	996	9713	-1256
	21424	9836	5700	-3756	10740	1304
	30428	13772	3880	1433	-3775	-9131
	13404	12884	8348	-43	-3846	-8336
	9524	9292	5904	-2062	222	-8226
	8048	5580	9116	-858	-2695	-424
	5984	6160	12872	-137	748	231
	10032	4820	10004	-342	4068	-462
	13808	5380	9724	-1010	3180	1777
	15992	6852	9932	-356	881	-1541
	12352	5532	11040	1017	249	-1744
	8308	7032	11596	15	2720	-41
	10100	7076	9380	-1252	4971	-1784
	12656	6008	8524	-1073	3404	-1204
	11756	6528	8192	-961	1397	833
	11764	6412	8448	117	2058	-1317
	13496	7744	9688	-5645	1783	712
	10712	980	12276	-7132	57	6669
	9644	24260	10468	5160	-1363	4343
	13188	5980	9044	-1077	-1859	1808
	9716	5156	10032	-1466	1068	-459
	8860	5852	10476	-2416	1481	3279
	12416	8760	12484	-922	824	1274
	16704	6208	8728	3031	-3139	2790
	9856	2196	10508	-1428	-1043	1691
	13900	5828	7604	-3821	1143	631
	13384	2940	8408	2071	619	-2447
	12576	5436	9308	2791	-2582	866
	11480	6276	9928	2366	-1298	-781
	12056	7108	10176	-1615	1352	-4246
	10892	3984	10060	-1826	-61	-1250
	11564	4816	9032	1163	-345	-1672
	8844	4664	9676	663	-494	-841
	11584	5732	9744	-230	959	-291
	12500	4756	10284	-1839	-1555	2195
	13056	5576	9104	-1314	-1253	2962
	11936	5936	10700	1664	2332	-1135
	13072	6588	10624	2100	1590	-1231
	11836	7272	9292	2834	-1055	-228
	10344	5576	8176	1918	-717	-414
	10628	4400	10348	432	2737	-1070
	14504	8944	10948	2033	2351	-1720
	11136	5840	10992	2784	-3048	-1001
	8300	2276	10216	-1233	-4326	3662
	13716	8076	7988	-1304	2873	-555
	11728	3520	11412	-4231	2995	-601
	11780	5948	8840	-1623	-2869	2046
	13212	4548	7916	-80	-3120	-1277
	11928	5648	9892	-2959	-898	58
	10564	4332	8980	-2257	390	1012
	12112	7196	8008	719	977	-3079
	12676	5872	10324	3002	793	-3598
	13500	5496	9536	1611	2318	-549
	11612	6468	9332	4681	-136	-628
	10816	5208	10592	5760	-604	-1637
	9900	4936	10496	-735	965	1767
	10864	5688	10416	-2381	-1051	3149
	13700	6684	9640	-1207	-2196	1525
	12420	3764	10516	-2650	771	-11
	12284	6360	9252	-3576	904	766
