	13716	3400	7780	-301	3349	-753
	14212	4112	7400	308	451	-1507
	14704	3868	7604	279	-1669	-1489
	14308	3216	7552	-1779	-2014	-151
	12964	3632	6172	-1405	-1548	-986
	12456	4284	5068	856	66	-2394
	12880	3968	5788	2575	1684	-3715
	14616	3600	6944	1860	1892	-3509
	14892	3296	7108	352	-329	-2860
	13780	3964	6504	-928	-1756	-2777
	13968	4196	5712	-781	-1382	-3861
	13960	4204	6012	-440	-187	-4370
	14724	4928	6352	-393	1327	-4660
	15440	5044	5768	-742	787	-4645
	16808	5796	5872	-683	-1267	-4869
	18620	5656	7568	-1769	-2806	-4634
	18832	5100	7372	-2970	-4147	-3417
	16760	5980	7360	-868	-3287	-3655
	17564	6084	9240	-806	-1232	-4033
	18004	4580	9292	-3319	-1769	-2874
	16452	3936	8260	-5146	-4214	-1076
	13700	4152	6812	-4868	-4251	-61
	12424	3972	5748	-3239	-1298	-771
	12052	3532	4840	-1535	702	-1289
	10560	3328	4552	1239	1603	-2372
	10176	2208	5764	1792	2208	-3490
	12008	824	7416	-629	478	-2618
	11964	-1216	7816	-3334	-2851	-958
	10160	-1676	7088	-4756	-2440	750
	8932	-1208	5008	-4360	992	887
	9060	-716	3896	-2985	4506	370
	11012	1508	4384	-3170	4602	84
	12856	2716	6224	-4625	2354	-437
	14796	3012	8648	-5747	585	391
	16520	5140	9252	-6913	-1037	1886
	16940	6856	8904	-7218	-2184	2168
	16896	6808	8140	-6417	-921	851
	17456	5976	9096	-5646	578	933
	17692	5800	8992	-5051	2677	1666
	17776	6224	7968	-3267	5958	2787
	17656	7024	8432	-598	7429	3118
	16960	7008	9108	330	7308	2536
	16948	6984	9432	619	5903	1937
	17740	7640	10236	225	4667	1796
	17872	8524	10508	-57	3216	1253
	18548	9684	10472	216	3074	-367
	19928	9624	9700	188	3654	-977
	19156	7796	9184	392	3196	-617
	18164	7084	9024	1579	2729	193
	16716	7084	9204	3294	3155	425
	14828	6888	8768	4270	3454	-493
	13952	6476	8412	5541	2833	-1317
	13300	6616	8656	6479	2124	-2295
	13456	6696	10964	6183	487	-3269
	13140	6192	15248	5702	-217	-2732
	12308	5112	16896	-642	-649	-2274
	10600	3168	11664	-9342	-2484	-2875
	7316	-1792	7504	-9066	-5920	-3795
	5024	-6468	10240	-2864	-3551	-2696
	8260	-4576	12228	-4023	56	462
	9180	-2300	10476	-5993	-609	1529
	7608	-2648	7876	-8146	-1907	3305
	6792	-2044	6048	-5573	-1791	3805
	8640	1576	7488	-4095	-469	2833
	10488	2184	9284	-6259	-1242	2335
	10128	1228	6076	-11401	-5533	3314
	8556	108	5016	-8700	-5610	2607
	7900	-676	7572	-5962	-2678	412
	7964	-952	6096	-5713	-829	-3815
	11492	52	4132	-9281	-9070	-7439
	19408	856	5476	-12154	-17549	-8095
	20712	-1480	9344	-11836	-12689	-4654
	19436	-368	6260	-4446	-984	-5354
	20880	-860	8012	649	2468	-2744
	21204	2100	9252	520	-1838	2000
	15248	4528	12280	-181	-3952	5191
	10972	4832	14036	-337	1063	2831
	8824	3420	11524	1911	5609	-1463
	9956	1560	10872	2246	3252	-3505
	12384	1884	9812	-340	282	-3182
	13184	2264	9132	-190	-589	-1640
	12784	1552	9100	-25	-779	-801
	13216	1512	8312	-826	-1339	688
	11920	876	6156	1251	-8	1497
	9544	616	8196	3497	2175	2549
	8008	3992	9236	5599	6352	-136
	8288	5448	9376	7677	8153	-3640
	9804	3560	10136	8181	5845	-5292
	12520	2044	12360	7487	3858	-3915
	11372	2536	12956	5991	2933	-3612
	11284	4264	11796	6290	3242	-4731
	15276	4620	11384	7748	2385	-2704
	16764	2432	12360	2752	-2006	-22
	13964	4036	11132	500	-3770	-1430
	14748	3828	11908	-597	-365	-2954
	17576	1872	12064	268	4192	-799
	13652	1424	8852	-958	4803	734
	11988	2264	8036	1821	4385	747
	13580	2376	9708	2414	5056	1670
	15820	348	8952	-1566	6265	735
	17572	-4004	5460	-8576	4483	2143
	20604	-5276	7884	-17445	-7244	3530
	18008	-5176	9636	-11569	-10334	-6984
	18256	840	956	-9145	6463	2109
	21904	-328	5604	-1088	1470	-261
	12860	1604	4840	1077	8687	4163
	14764	2232	10916	4777	7361	3262
	11752	4532	14436	3146	3367	-1379
	12064	2172	15188	-3451	2481	-5701
	12268	204	9132	-9650	-1646	-3647
	9708	816	8116	-8824	-3054	681
	6328	7476	6840	-2898	5945	-697
	8324	4628	7904	7263	10618	-6278
	14060	-1056	9936	4686	41	-4173
	16004	-2184	11736	-561	-13254	-2213
	-4916	6160	5040	-17361	932	-5303
	8912	5668	8952	-11305	7209	-885
	25380	2508	18256	-3981	11642	-5391
	21748	-6848	9452	-2936	-5298	-1940
	13824	-236	8732	-3431	-8194	-1980
	5716	4	10620	-8156	-5148	-3749
	19152	4844	13488	-4985	4560	-4236
	9928	-1512	-640	-2127	-2923	5027
	12960	1724	8552	2323	5731	6259
	13380	-2408	12928	-1736	2859	5693
	12900	-2092	10824	-2784	-1378	5085
	12488	-676	10188	-4311	-445	753
	13180	-1704	10112	-6780	-2577	-991
	12876	-1300	9816	-4798	-3043	-1561
	12888	-1264	8772	-1433	-1783	-1727
	12604	-1020	8160	3795	4132	-1614
	12736	-1504	9804	5412	5303	-2044
	12580	-1260	9832	4458	5424	-3768
	12196	-1180	9376	568	7986	-5765
	11796	-148	10124	-274	10068	-6922
	16228	-936	6608	7118	13368	-4304
	12936	-1220	7448	11975	21247	-5166
	14960	-2896	9304	12699	23565	-8962
	13132	1036	14784	14635	25341	-16447
	3532	-528	3660	17644	20911	-20042
	2720	1108	448	21041	32767	-29842
	8260	4628	7852	32767	32767	-32768
	23264	14372	23276	32767	32767	-32768
	-32768	-7656	-32768	32767	32767	-32768
	-32768	23936	32767	20113	32767	-32768
	-5164	21456	12716	25759	32767	-32768
	-32768	-1072	2796	26620	32767	-32768
	-4660	4732	2092	19682	32767	-32768
	-7012	-972	-5816	18505	32767	-32768
	-25568	-32768	-11788	25941	32767	-32768
	-3068	-2140	15832	25967	32767	-32768
	-8376	1764	-4232	31749	32767	-32768
	6756	-5024	-40	32767	32767	-32768
	32672	-7984	19184	32513	32767	-32768
	32767	32767	32767	31782	28231	-32768
	12992	11440	5024	32767	32767	-32768
	23256	32767	32767	32767	32767	-32768
	-23876	-3292	-3284	30441	32767	-32768
	-15252	8688	-2688	32767	32355	-32768
	15120	7304	3868	32767	32767	-32768
	-32768	2468	2268	28876	32168	-32768
	-464	3236	1148	29025	32767	-32768
	-32768	-32768	-32768	27902	27749	-32768
	-9092	-23260	-3052	32767	25229	-32768
	-5520	1768	2556	32767	20182	-32768
	744	492	792	32767	22290	-32768
	-8308	7144	-2484	32767	28085	-32768
	32767	-13272	14972	32767	14331	-32768
	7088	-360	6412	32767	32767	-32768
	26520	32767	32172	32767	32767	-32768
	-2732	6696	3168	32767	23181	-32768
	7312	10308	-3020	32767	23507	-32768
	-4444	1936	3180	32767	11031	-32768
	-16704	15732	-2612	32767	4721	-32768
	-5964	-632	-5072	32767	2091	-32768
	-14388	292	1104	32767	4642	-32768
	2712	-17104	2004	32767	-2040	-32768
	-8688	-20800	5080	6736	8155	-22248
	-100	4	-352	8677	11518	-10614
	32767	13748	24336	32767	32767	16371
	5304	-3440	2920	17517	20920	3180
	-14832	2636	-924	12040	12631	14384
	-16792	-2052	-3776	6794	6069	20515
	-14664	-68	-3124	5717	3867	22657
	-14664	424	-3660	4268	891	26475
	-16208	2696	-3400	3483	-1282	27834
	-17876	5248	-3060	2229	-4110	29483
	-13916	5460	-3004	1228	-6401	31070
	-14356	7180	-2852	-120	-9072	32767
	-12052	7976	-2448	-2885	-11250	32767
	-8720	11220	-1252	-5531	-13147	32767
	-15272	19260	568	-8248	-15175	32767
	-7004	9684	52	-9365	-13279	32767
	-8364	23752	1448	-13384	-18786	32767
	500	4264	2820	-15470	-18546	32767
	-1736	32767	5884	-19476	-22583	32767
	4860	26476	2836	-22009	-20398	32767
	12496	27796	10924	-24038	-26718	32767
	8492	12468	3652	-26802	-20704	32767
	5660	2972	5444	-29807	-12183	32767
	9224	-4704	2932	-29807	-16094	32767
	-2996	992	-6488	-31910	-13868	32767
	29732	3156	17508	-32768	-19591	32767
	13912	-17768	15748	-32768	13038	32767
	19220	-15256	22576	-32768	-9552	32767
	19768	576	22156	-32768	-4751	25130
	22816	-15912	476	-32768	-10001	20633
	4524	-8584	1344	-32768	-19630	16497
	27036	-5180	-16012	-32768	8459	15619
	-3052	3576	-24724	-32768	-28126	11596
	372	3048	-1504	-32768	-32768	3332
	-15256	1116	3492	-32768	-6398	19034
	-2008	-972	7896	-32768	-12545	13362
	-312	6760	9908	-32768	-850	16008
	24340	32767	32012	-32768	-20848	32767
	32767	-12216	32767	-32768	23118	32767
	12036	-4440	16644	-32768	2818	32071
	16648	-3476	24056	-32768	9576	25020
	7652	-3428	18428	-32768	9426	1757
	-1196	-3712	3364	-32768	-2953	14777
	3696	-17980	-2832	-32768	3396	9468
	27684	-29248	-10428	-32768	16138	9461
	-5500	-8988	-24624	-32768	1137	5005
	12872	-5648	-21576	-32768	1538	6101
	-18848	-4712	-5660	-32768	-6223	6725
	5072	-2512	19556	-32768	29400	7617
	3404	-11052	8904	-32768	29114	15942
	25000	23640	5696	-32768	25633	18016
	32767	32767	21052	-32768	25506	20276
	6048	-7796	7264	-32768	26691	24555
	15220	2240	26724	-32768	32767	17800
	12044	-9708	31800	-32768	22402	13661
	32767	-32768	32767	-32768	7426	-1267
	16248	-32768	32716	-32768	30492	-11072
	27780	5320	19732	-32768	22795	28000
	13800	-7556	-3344	-32768	23966	9836
	-260	-2712	7632	-32768	32767	1639
	21828	-29452	-11848	-32768	32767	-5389
	5752	-1048	7528	-32768	32428	-7227
	2984	-17864	-26992	-32768	28277	-641
	26048	2108	-22272	-32768	32767	-10582
	32767	12836	-32768	-32768	32767	511
	27476	-5200	-3040	-32768	32767	-2352
	9004	-712	15860	-32768	32767	-193
	1556	-3848	-772	-32768	32767	-5815
	4308	-3364	11980	-32768	32767	1471
	26420	1676	32767	-32768	32767	-1328
	820	-464	17140	-32768	32767	-1144
	11588	-9128	23724	-32768	32767	-4320
	-3244	-32768	32767	-32768	32767	-11153
	-11304	-29196	8416	-32768	32767	-12056
	-9408	-32768	6984	-32768	32767	-16723
	-2644	-12544	2560	-32768	32767	-10275
	792	-8416	4392	-32768	32767	-13761
	-964	-12296	-3740	-32768	32767	-17663
	5572	-4384	-1272	-32768	32767	-18057
	6632	-5908	-3308	-32768	32767	-21849
	-1904	-11924	-4328	-32768	32767	-16821
	32767	15092	32767	-32768	32767	-22851
	32767	9788	10412	-32768	409	-29357
	7528	22344	-7872	-32768	-3090	-1431
	8016	19072	-10540	-2271	5533	2899
	14300	3176	-7256	16311	14980	1084
	24464	-6576	2216	5604	3741	-2084
	19548	-2024	-2520	-15093	-16447	-4344
	12840	5128	-7504	-16525	-18928	-5733
	11464	8944	-9212	-13717	-15307	-3347
	10544	10148	-9716	-3173	-8779	-2989
	13180	7180	-8448	1983	-6496	1779
	14148	2476	-8440	-1498	-8255	2790
	13760	3400	-9192	-3490	-11669	4377
	11972	8756	-9332	-2386	-12007	6274
	11892	7948	-9864	141	-15974	13762
	12764	1004	-11280	2646	-16663	11552
	13148	8584	-9508	6435	-15628	7447
	6528	2680	-14144	11682	-11280	5964
	14092	8484	-6400	19030	-14751	9316
	10012	15276	-8424	31352	-21011	25292
	10452	-1672	-6064	32767	-32768	32767
	11264	6916	-7596	32767	-32768	32767
	9696	6172	8340	32767	-32768	32767
	-31532	-10344	-32768	32767	-32768	32767
	-9860	-6384	408	32767	-32768	32767
	-32768	-22232	-12836	32767	-32768	32767
	-32768	-24300	-4568	32767	-32768	32767
	-19404	5072	2156	32767	-32768	32767
	-7184	1260	4176	32767	-32768	32767
	-4380	-4212	7100	32767	-32768	32767
	1316	4752	11232	32767	-32768	32767
	-9408	13328	12272	32767	-32768	32767
	-3736	7316	7484	32767	-32768	32767
	600	15676	4132	32767	-32768	32767
	5104	29404	-5316	32767	-32768	32767
	13188	-11128	6144	27676	-32768	32767
	-4832	4100	6224	30593	-32768	32767
	-8400	9276	-1220	21373	-32768	32767
	304	4172	5552	29126	-32768	32767
	2544	-580	5460	23770	-31242	32767
	-3276	-1032	1300	23744	-32768	32767
	-11404	-14516	-1100	21874	-16354	32767
	-14628	-7340	2144	26683	-32768	32767
	-5580	5960	-4356	29310	-32768	32767
	-29068	-96	-2728	26750	-32187	32767
	-324	1344	6172	20474	-32768	32767
	27860	17208	18084	32767	-17477	32767
	-13844	1996	-4192	27182	-32768	32767
	-10956	19104	16324	24365	-32768	32767
	-23172	22380	5308	22374	-32768	32767
	-5724	9952	6128	22104	-32768	32767
	564	32767	4364	13417	-32768	32767
	9900	24380	-804	12662	-32768	32767
	15440	12092	9608	8567	-32768	32767
	-4560	340	-1000	12729	-32768	32767
	20924	-5876	-13768	19839	3975	32767
	-10436	-21904	-32768	6003	-26565	32767
	7612	-17100	-4856	10919	-9837	32767
	-8304	-32768	-21528	8843	-14210	32767
	-9100	-32768	-15676	16437	-13992	32767
	-5132	3908	-2448	9978	-6296	32767
	-11744	-9972	-5868	13028	-11691	32767
	-7524	1232	-2172	12772	-8770	32767
	-32768	-10720	-6392	13209	-6930	32767
	6172	-1676	3364	16160	-14569	32767
	-676	-1996	3708	12863	-10424	32767
	-15156	2868	-4016	9655	-8177	32767
	-16364	11360	-9372	15195	-18114	32767
	-12876	12304	-456	6947	-11824	32767
	-15888	25380	-4952	5040	-16567	32767
	-7656	29484	-7432	1508	-22452	32767
	2364	32767	-5532	440	-17305	32767
	2116	-392	1896	-4933	-12852	32767
	3080	-1012	-2468	-3361	-6895	32767
	20640	14368	-3092	-5029	-7774	32767
	11752	-3048	-5836	-8383	-206	32767
	2148	3704	1060	-6465	5421	32767
	1976	-8824	-1000	-11998	1303	32767
	2620	-3696	-792	-4846	4977	32767
	3596	-10180	680	-2741	8902	32767
	-2604	-3428	228	1546	12235	32767
	-16124	-32768	-6044	4178	12629	32767
	-10360	-21068	-264	6475	10570	32767
	-9688	-14344	280	7448	11634	32767
	-11320	-7000	-1060	9516	8357	32767
	-10040	-4684	-528	10601	7496	32767
	2112	-384	4052	9260	1013	32767
	-18040	1108	1856	4668	-16895	10336
	-17684	1720	2140	9561	2818	8921
	-15228	-1224	-2200	6944	2726	7986
	-16024	1916	-1232	2363	-668	4702
	-17600	2308	208	2051	286	-2447
	-16316	-4528	-664	-4142	4321	-3507
	-16516	1760	-1236	-10172	3475	-3715
	-15776	3108	-2084	1979	-548	-3790
	-16232	-2996	-672	-2646	-114	-5358
	-15908	712	-1496	-4663	-1036	-4545
	-15848	1936	-1632	-1554	-2083	-7061
	-15156	2904	-2416	3494	-6421	-13322
	-15480	2280	-1536	9998	-9736	-21671
	-15092	600	-120	19220	-12297	-28725
	-14848	-1076	772	27138	-14427	-32768
	-12000	-7000	3844	28422	-18385	-32768
	-18216	-10004	5844	25663	-12035	-32768
	-9100	-14208	8436	7897	-21322	-32768
	-8708	-9172	4944	3540	-27617	-32768
	-7268	-8544	2392	233	-32768	-32768
	132	-18892	9900	5323	-32768	-32768
	-6732	-27520	12256	-3906	-32768	-32768
	28	-9792	11452	-11436	-32768	-32768
	-5788	-28836	7808	-11231	-32768	-32768
	22552	-30396	14196	-10852	-32768	-32768
	1380	-2908	-1152	3912	-32768	-32768
	-12220	-6168	-14236	4649	-32768	-32768
	-3880	27816	-32768	-2785	-32768	-32768
	-6564	-4504	672	728	-32768	-32768
	9896	-6316	11120	-2193	-32768	-32768
	-8996	-4352	-1288	-4697	-32768	-32768
	-23780	-1112	-3496	-10058	-32768	-32768
	-1984	-11140	-2260	-2850	-32768	-32768
	-2844	-11804	8980	-2794	-32768	-32768
	-32560	-32768	9580	5838	-32768	-32768
	-6996	-28972	4668	8853	-32768	-32768
	7612	-16468	5816	2417	-32768	-32768
	-11968	-3704	324	7806	-32768	-32768
	21048	-30368	-5760	19382	-32768	-32768
	29872	-10240	-9812	19504	-32768	-32768
	32767	8008	2288	7483	-32768	-32768
	-23992	-6380	-7160	13797	-32768	-32768
	1292	13768	812	13638	-24609	-32768
	-628	-8892	2540	5045	-27325	-32768
	-18452	-1752	-8356	13175	-29491	-32768
	-23364	20464	-11412	4680	-19315	-32768
	-32768	13816	-21964	-1827	-17930	-32768
	-26884	-148	-15992	-225	-26628	-32768
	-16176	-8792	760	8609	-28842	-32768
	-32768	-32292	-15816	6827	-17866	-32768
	-9116	-1988	-1524	6585	-23626	-32768
	-20080	-32768	-1888	14843	-24826	-32768
	-8704	-10432	3972	12782	-26332	-32768
	3260	-4152	6720	16121	-21096	-32768
	19936	-32768	-8476	29016	-13798	-32768
	27092	-10656	480	23419	-15414	-32768
	28000	5960	-19884	31167	-13537	-32768
	32767	20484	-23496	22937	-6459	-32768
	-25884	2948	-6820	22007	-7402	-32768
	316	8688	-6544	17746	-1282	-32768
	-9480	32767	-960	21443	67	-32768
	-14880	32052	-17448	22049	-18682	-25526
	-19504	5908	-6632	-8530	-32768	-9018
	-16216	13356	-4380	-692	-24072	-10350
	-4608	16980	-7712	-2280	-17525	-1997
	-5492	14088	-804	-11229	-13102	536
	-8732	17416	-13124	-4436	-7138	2060
	-3832	14868	-2864	2224	-5566	-3016
	-4080	15296	-2452	1320	-9409	-4120
	-7320	14100	-2620	1042	-8614	-3228
	-8600	14552	-2324	-921	-1800	-1110
	-5544	15208	-2040	-805	-278	-73
	-4512	15324	-1864	237	-4123	-486
	-5108	14952	-2120	555	-7347	-896
	-6220	14884	-2036	-35	-8003	-993
	-7132	14976	-1504	407	-7295	-380
	-7228	15660	-604	1541	-4661	944
	-6208	15020	-524	3728	-5206	1821
	-5788	17056	-128	8023	-10241	5566
	-7572	16200	1932	16262	-15042	7592
	-10656	16868	1724	21466	-12574	11519
	-8588	18068	-308	28198	-3336	17407
	1044	7348	7364	32767	5924	14943
	-11996	32767	-18832	32767	13646	5558
	1592	13188	-3092	32767	9824	2433
	-4428	17960	-3904	32767	3798	2688
	-8608	16644	4648	32767	994	6772
	1276	2492	7968	32767	30905	23589
	4964	-4776	12668	32767	12218	14589
	-13872	1908	2392	32767	22826	13974
	2464	-12420	-1844	32767	18601	10703
	-696	-32652	-2116	32767	32767	960
	-1792	-32768	15668	32767	31096	-18566
	22608	-32768	32767	32767	12212	-32768
	12888	-32768	32767	32767	-2254	-20154
	-4136	832	9380	32767	27676	-2703
	14472	5172	32767	32767	-937	-5006
	-13164	15816	32767	32767	4383	1914
	-1140	172	9740	32767	6824	-2058
	-5708	32767	22576	32767	-5255	15774
	-3844	4324	8996	32767	-778	3893
	-992	496	7480	32767	-2227	12352
	-864	4912	-3068	32767	-3272	16194
	-2336	-692	5760	32767	-6848	21414
	-32768	-140	-26512	32767	-32768	20514
	7680	-2180	8224	32767	-656	16972
	10932	-21080	-20556	32767	29416	15407
	-12684	-32768	15772	32767	8030	-32768
	-372	-10092	-13260	26221	-4500	-32768
	-420	-7660	-14212	15373	-3064	-32768
	4488	-5840	-9260	12763	2694	-32768
	6688	-4224	-8940	12586	6912	-32768
	14716	-4728	-8852	10368	21289	-32768
	7380	-2820	-5100	11107	12540	-32768
	32767	20776	-32768	7488	32767	-32768
	14956	8088	-312	8246	32767	-32768
	11564	32767	-10872	4155	32767	-32768
	5844	14028	-2412	2399	32767	-32768
	816	15088	-620	-719	32767	-32768
	-3056	26120	-1992	-6159	32767	-32768
	-8816	31352	3308	-10866	32767	-32768
	-6116	12236	248	-11351	32767	-32768
	-8244	12692	-760	-13545	32767	-32768
	-18780	16924	-1024	-16324	32767	-32768
	-12212	9300	-2488	-19445	32767	-32768
	-13344	8288	-2120	-20396	32767	-32768
	-14468	4756	-3668	-22782	32767	-32768
	-15504	5264	-5228	-23255	32767	-32768
	-16000	4344	-4060	-25865	32557	-32768
	-14112	1724	-5500	-24055	30870	-24573
	-13036	1620	-7844	-24744	28922	-12826
	-12664	2664	-9636	-25133	28303	-7790
	-11136	3188	-9176	-27074	26823	-5086
	-10408	3624	-9464	-29279	24813	-1886
	-9640	3696	-10084	-32513	22680	1649
	-8200	10368	-9612	-32768	25103	7377
	-8188	6908	-8992	-32768	24318	7513
	-6652	7252	-7408	-32768	25566	10390
	-5652	12356	-8944	-32768	25510	13139
	-8480	17628	-7288	-32768	26721	15428
	-4148	11864	-5064	-32768	25462	19173
	24200	32767	22328	-28734	-4992	7108
	1516	19900	7516	-23801	-20167	9413
	-3008	12856	5244	-24842	-15469	22142
	-2700	12436	-10076	-12839	32121	-20691
	2108	27304	3928	-1774	9819	2205
	-1700	13332	4756	3413	-5723	-5769
	-2732	14836	1424	4168	3382	-2953
	256	19168	1648	4467	6380	-1718
	1148	22304	-2156	4381	7636	1178
	996	21316	-3516	8068	5099	3446
	684	18220	-1020	8915	6026	3071
	3480	16088	-44	6707	1220	879
	4908	22076	-5400	6990	542	4038
	3492	21092	-4196	9112	2675	7449
	6168	20516	-5120	11490	1347	8955
	8264	21164	-6148	13249	4	11963
	6448	22868	-8272	17552	-1827	15904
	4140	16868	-3704	16629	1021	17237
	5832	14832	-3088	13803	-3887	14741
	8280	13836	-3868	10833	-8689	14395
	-4564	13400	-2128	5224	-18020	11295
	852	10036	-3244	4655	-2577	12262
	3380	10636	-3940	1453	-7400	9076
	1996	14068	-6436	3754	-7075	10609
	-2992	11824	-3696	4131	-585	9720
	1396	7924	-1760	-1325	-689	4860
	5008	12452	-5840	-2132	-4333	3093
	-1032	11224	-6196	-2052	-3408	2987
	2968	10784	-13812	-10700	3650	137
	2496	14140	-12060	-455	8225	-3186
	6276	12376	-6084	-6725	11064	-759
	6648	11412	-5920	-9695	13482	1001
	8176	14504	-1028	-873	2448	-600
	9200	13640	-7020	3495	-9021	1307
	4812	14224	-6332	2660	-3436	1192
	8332	14920	-7152	3344	-826	-739
	4908	11700	-6408	5104	-390	-855
	4812	11676	-6316	-4332	958	-500
	6244	13260	-6304	-6400	2330	-3911
	6152	14236	-7292	-6061	4325	-1918
	6644	15200	-6260	2036	-1321	456
	7616	16256	-7192	3055	-1740	-139
	6888	13976	-5912	2751	-1382	-948
	5764	13444	-6888	2424	-2387	484
	6532	13068	-6868	-955	-1593	-1808
	6088	14684	-7488	315	-2830	-2892
	6300	13644	-7416	2852	-2485	112
	5416	14312	-8724	1104	-4613	-1854
	4808	15376	-5824	845	-4280	-1055
	4664	16436	-7088	993	-7143	-905
	4444	3112	-12160	-1146	-1875	-142
	4432	10716	-8204	-2241	-1986	-3597
	4380	11116	-6236	-5612	929	-2893
	9468	16636	-6424	-8592	-145	-3553
	6504	16928	-6900	-4334	-2921	-3029
	-108	17988	-8456	9935	-19676	1441
	-2644	14828	-11256	4644	-10310	-655
	2036	13120	-8644	-1338	-3039	-4885
	4640	14712	-8100	-248	-6429	-3953
	5388	17428	-9244	2968	-13320	-2854
	1572	17504	-7964	7734	-19997	-3029
	3012	15144	-6688	12533	-31341	-5385
	1352	12648	-7832	13594	-29482	-6054
	5260	12084	-5808	12427	-32768	-12824
	-6104	6980	-11560	2093	-29056	-14087
	-976	12468	-8784	-3420	-26631	-14160
	-6696	13332	-8252	-1333	-32768	-14896
	-14724	10380	-12928	2105	-27583	-18252
	-6396	7856	-4512	-7168	-2173	-715
	-5644	17180	-12840	-3436	-7424	-1763
	-8752	12412	-9752	3590	-1990	478
	-5744	8060	-7040	-666	-4953	1335
	-8764	10096	-7308	-5158	-7698	1497
	-9972	12876	-7676	-3500	-7880	-155
	-10436	11892	-5484	-1095	-3635	567
	-10092	12404	-4972	-296	-1823	33
	1388	19164	10028	1944	-5487	1902
	-10880	18452	-9136	1551	-5192	-939
	-3744	8628	-1364	-1565	-19658	-7918
	-7456	9856	3960	-1110	-32768	-22957
	-14904	13572	280	1792	-32768	-28406
	-15932	12392	-2828	8408	-32768	-30592
	-2360	444	12376	6069	-32768	-32768
	-24352	624	6260	5532	-32768	-32768
	-28148	8052	7072	-3228	-12437	3657
	-15912	2896	8260	3168	-287	-404
	-11072	4708	10520	-105	1928	-2540
	-9616	4816	10252	931	-3118	-201
	-11640	5268	9804	622	-4246	2056
	-12748	4976	9856	716	-2533	1589
	-15220	6208	10308	176	723	51
	-9196	-8032	11168	-556	19114	60
	-12944	5544	7544	-1392	2945	-3208
	-14376	-1520	15580	-1702	-20616	7481
	3924	-2160	18016	-1716	-32768	-22187
	-7196	-3044	25912	2423	-32768	-32768
	-3888	-6684	26968	1566	-32768	-32768
	-14136	8480	15052	7937	-32768	-25817
	-9000	1724	13192	6186	-21214	-9910
	2300	-168	16468	-4282	3430	-1151
	4700	3036	14508	-4090	3239	-950
	4868	3952	14520	717	-749	-1377
	4296	3380	14812	3408	-2776	-2080
	3192	2800	15532	1653	-837	-1685
	4932	4028	15396	-823	1134	-548
	-15388	26756	32767	3008	-8117	4449
	2856	16364	24400	880	-11770	-8707
	18508	1572	22152	2117	-32768	-21583
	10132	-1296	19644	3081	-32768	-32768
	4372	3388	19440	4702	-32768	-32768
	6964	3848	6560	9292	-32768	-32768
	1780	8964	5824	3856	-32331	-19534
	14680	7372	7260	-2438	1814	3676
	13392	8856	3956	-3716	1232	3733
	12972	8200	4472	281	-917	-1329
	12948	8548	4840	800	-1083	-3208
	13356	9100	4732	-475	-723	-1454
	12712	9688	4488	-550	117	685
	12056	9448	4788	269	-235	-19
	26252	11616	2832	1403	8706	7060
	15964	12388	5604	3574	-7369	-7991
	17580	8784	5448	3178	-32768	-18737
	17092	5440	7292	4293	-32768	-28293
	16200	7416	4148	5071	-32768	-32768
	1500	7524	1512	4476	-32768	-32768
	-1848	19236	-9800	2584	-32768	-22688
	12872	16532	-3252	-1318	3439	4508
	6984	12840	-6684	1867	-82	4007
	6780	11408	-5800	-546	-730	-1296
	7324	13612	-6340	-1145	-1060	-1640
	5756	14572	-6600	-259	-1006	-475
	6104	13904	-5928	248	-760	-430
	5984	13716	-5600	-518	112	-57
	21828	10096	-7696	-5164	552	10522
	14572	11884	-2176	-58	-6838	-5099
	8792	12576	-6836	1730	-16454	-9378
	7004	12692	-5360	2389	-18770	-10755
	3616	13884	-6200	4527	-24165	-12807
	4952	12560	-6156	3862	-28288	-12673
	6068	14444	-4652	7543	-32768	-24021
	1308	9820	-3280	10665	-32768	-29757
	-3400	11716	-7068	-1609	-32768	-19182
	880	13584	-3544	-3990	-32768	-22707
	-23172	13184	-9904	-523	-32768	-19248
	-13620	16008	-4588	-2510	-23835	-8097
	-8472	9064	-2524	-2248	-27632	-12003
	-15080	17852	-9036	5388	-32750	-18490
	-13240	16128	-6620	5588	10132	1963
	-10844	6668	-3872	6279	5899	-1878
	-6148	7564	-4172	-2905	-4966	-1010
	-11456	10636	-5000	-5318	-9126	887
	-13508	12880	-4804	-914	-5008	414
	-12580	10896	-2624	2177	-1358	174
	-10660	10004	-724	451	-893	43
	-10828	11028	-964	-1614	-2144	1273
	-7832	17216	30728	4058	20121	8878
	-7648	10364	-1380	-569	-12025	-5974
	-12160	11172	328	3926	-23634	-13342
	-13092	12644	3392	2231	-27130	-11877
	-13940	10756	3880	441	-29191	-16173
	-14608	13376	964	870	-32768	-15590
	-5028	5416	9084	4387	-32768	-28194
	-12176	3476	11200	5331	-32768	-32768
	-22504	4584	980	11639	-32768	-10894
	4016	-14032	13348	-21625	-32768	-25085
	-15808	-2700	14200	-18644	-32768	-31277
	-32768	12528	16720	-2721	-16278	5477
	-25824	17944	25364	-6980	8528	21144
	32624	17016	16420	-10967	2865	26529
	-5340	3280	10676	13895	18152	-5858
	-6756	4068	20912	23469	17775	-18802
	-9388	3864	14280	2653	8521	7215
	-5840	2008	14292	31987	16024	-7471
	-8416	5956	14912	28256	2955	-4866
	-10568	8232	14816	31527	-596	-2287
	-9572	8080	8704	32767	2644	-4786
	-8948	9504	4516	22441	-2142	-1648
	-10540	12056	10052	6966	-5124	6153
	-9644	13200	10680	10106	-2510	5140
	-6812	11060	11224	24764	-9597	1140
	-8248	10876	10148	16687	-13369	2296
	-9232	13432	8384	8809	-12950	3737
	-5760	11996	10312	5626	-16991	2442
	-3056	9032	7584	10725	-15245	-2712
	-6348	8268	5864	2153	-21475	2377
	-4976	11572	7368	-1446	-18098	1449
	-4040	12040	7528	584	-17894	596
	-5812	11296	5784	-3161	-16738	2004
	-4656	12052	7424	-4235	-13238	1866
	-3652	13320	9632	-1987	-11125	52
	-820	11708	8776	-3040	-9619	314
	-1592	12520	10636	-1519	-11516	1976
	-1712	13296	10908	-4518	-15377	5507
	-2092	13208	10656	-322	-6941	1578
	-1936	12628	9428	-4141	-5509	2118
	676	11940	10324	-6686	-6463	2962
	3456	11576	11840	-10199	-11043	6279
	-3404	13140	10964	-6586	-5033	585
	2380	12184	12560	-4038	-10850	5049
	4976	10616	11920	8226	-3821	-9222
	-2780	6284	6212	-1462	-9038	-3723
	-3368	8460	6368	-13283	-787	1407
	4460	14252	18196	-24099	-3439	10522
	3772	9140	14340	-7769	-7693	3933
	756	9508	11436	-4159	-12462	3564
	7404	8320	16692	-12525	-7076	6815
	3996	8988	14292	-4590	-3227	614
	4184	7772	12780	-1723	1551	-2079
	3164	6736	10896	-2310	-720	-619
	7340	4856	12904	-7172	-3616	-173
	3736	7376	13460	-7358	-5577	-966
	3608	7820	12716	-5778	-3355	-1041
	4288	7180	12424	-4044	-1742	-2140
	1176	7096	15656	-6986	-4953	2145
	9768	7132	13112	-2135	-5648	-1766
	4032	7596	14044	-5289	-8653	-1563
	4552	8820	15832	-2475	-8088	268
	3424	6672	14992	830	-3772	761
	6620	6676	14696	632	-3204	6571
	4864	4508	10464	1276	-3539	761
	6792	6340	15680	-1985	-5752	5757
	5412	5908	14996	433	-2064	5096
	9576	4540	12556	2543	-2010	1340
	5940	3916	14216	1658	-3897	571
	7440	4356	11632	701	-1170	2021
	8344	4864	10468	-5842	-8972	4656
	7568	4808	12128	-3046	-4764	1781
	6576	4908	11356	-172	124	-1156
	9064	5532	13396	-4626	-4071	2960
	9180	6372	14300	-10117	-6574	7735
	5764	5672	12812	1552	-491	661
	8648	4764	11392	-1338	-1169	3991
	9892	4064	12156	-197	-887	-683
	9236	4112	11844	-75	-756	-360
	6620	4072	11988	719	-342	2560
	9948	4616	13448	1968	349	2286
	9740	4308	13548	2294	323	-581
	8272	3864	11196	-3117	-1519	2175
	9676	4220	11984	567	-1233	3038
	11296	3812	13856	-1778	-4140	3850
	7496	3432	10924	-611	-1816	715
	8724	4532	12236	1271	1319	143
	9768	4144	12756	602	1026	1160
	9368	2980	11160	4875	170	-632
	7788	4660	11776	13977	10539	-8104
	8688	7752	12876	16046	11540	-10097
	8932	5504	12636	10741	9987	-9881
	4924	8760	13580	15357	3058	-18593
	4448	6320	13308	5723	3452	-11561
	6964	7304	15396	-329	10233	-5857
	9316	9860	12364	3257	2703	-7725
	4024	9208	12748	2071	-1745	-5039
	1784	12692	10008	13253	8879	1280
	7724	7672	16168	14971	-810	-5534
	920	12124	10416	1632	125	-8521
	4440	11536	12220	-1561	-582	429
	5516	9092	10684	-265	-636	3838
	5068	8940	11148	-572	209	1612
	512	7600	10092	14	4328	-6695
	8236	14700	14008	5308	3341	3781
	5328	4364	8944	-2419	-1242	3002
	-1212	7988	9684	-4048	3682	-1534
	8312	13968	14056	-3502	5124	-885
	4288	9368	11520	139	293	2337
	3996	11168	12728	-659	598	1728
	6516	10568	12180	-691	1018	117
	5176	13780	11824	7332	-1298	624
	4476	6016	12408	2420	-1557	1243
	6340	10508	11796	2696	2778	-3088
	2224	11200	11248	4475	589	-1534
	4788	8696	11996	2462	-124	-745
	1300	8668	10604	543	-1648	473
	7012	13236	14016	-793	2335	-1682
	8020	11756	11828	310	-2056	21
	2460	6656	10652	-178	-3019	1756
	4588	11444	12268	-848	-1360	1102
	4808	10236	13040	-752	-2159	1738
	3968	8540	11460	-1006	-1212	220
	5092	7180	10312	-1520	366	456
	3280	8448	11992	849	707	-1338
	4628	9528	10860	-963	-2126	2712
	4156	9792	10584	-938	-1412	1069
	4800	10752	12220	374	890	176
	5736	12656	13020	2262	2440	-3148
	6872	10328	13636	1835	-727	-3615
	4160	6516	11204	-1299	-1275	-1424
	7128	12384	13612	-2709	325	-297
	4332	9296	8536	455	1099	-1346
	4356	8492	9316	-880	-2019	89
	532	9996	10316	-1708	1850	-1440
	3288	9280	12116	-328	4030	-1418
	6640	12064	13208	1005	-415	2642
	3092	11548	13252	844	-2464	4674
	6132	11408	13448	242	-1140	624
	7044	7948	11628	-1556	-3343	2246
	756	13284	1332	-1551	-6460	1500
	1112	14696	9472	-1838	-8589	3924
	1700	9876	10700	-2627	-5707	5207
	4560	12344	12384	826	-2087	-2190
	8404	7956	11948	3855	-7550	-739
	3720	10348	11756	-1030	-6651	5143
	10616	4208	10964	-2583	-8041	6627
	4544	7404	8248	-6643	-7159	8416
	5564	12040	11092	-4302	-4097	5034
	7296	8272	10872	-699	-1772	3122
	8312	6812	10596	-1713	-1672	3654
	10648	7096	11360	-1228	-3229	2626
	7620	10052	11948	1035	-2077	-603
	10532	9736	11596	1851	-9	-2958
	11952	3152	11000	-1259	-4359	193
	9424	9616	10784	-3460	-3115	619
	7568	8276	9836	1602	-172	-2915
	9700	6560	9632	-9	-1143	94
	12844	5764	10712	-4782	-4286	2363
	6272	10936	11600	-3944	-4977	4757
	8292	6748	10396	305	-1535	1226
	12232	6552	10796	-2093	-1704	-1335
	8248	10420	12288	-868	-2601	729
	9844	8372	10756	46	-2672	2662
	8872	7136	9564	-2548	-248	2187
	9544	7928	9768	-510	78	1218
	10548	9336	11128	-811	-452	932
	9640	5072	10284	1760	1526	-2292
	10744	9112	9648	317	1950	-3831
	13408	7648	10760	-626	-1223	-1547
	9488	7212	10320	745	-3263	332
	11136	7408	11548	2653	-28	-3206
	10040	8752	11124	2361	1421	-4549
	10804	7972	10700	1268	-2233	-1498
	7080	6172	7916	-570	-3757	1518
	8068	7372	8912	-1283	2004	-1910
	11892	8684	11136	1311	3465	-3370
	9656	8856	10792	1490	-628	-1293
	10440	7232	10140	717	-1513	745
	7652	7524	8860	945	2091	-841
	9652	8680	9520	271	3384	-1477
	10312	8192	10072	-925	-879	841
	8260	7092	9948	-230	-1308	1029
	9912	6596	9280	-644	1259	-597
	8300	8836	10504	-1985	3869	-1740
	11100	7532	9868	-3593	17	8
	8924	9820	12060	-2110	-1731	-1079
	8176	6600	9236	-108	621	-258
	11012	6428	9792	-1275	1922	20
	8324	6988	10376	-1195	1969	-2060
	8240	8904	10740	721	2013	-535
	9004	8700	11184	1245	2159	174
	9792	8892	11632	1762	2336	-950
	9492	6676	10848	1731	590	35
	8680	8224	10604	-375	-166	1304
	9628	7456	9880	-396	1773	-1711
	9280	6704	9796	49	430	137
	8208	8552	10368	-749	-358	1218
	9512	7908	11436	1	593	-725
	9104	7360	10836	-1102	263	387
	9352	7776	10736	-2819	-1375	1796
