12864	8376	6832	-730	-2247	343
	13028	8144	6744	-7337	-3537	2047
	14140	7744	7184	-3747	-1958	1961
	11908	8516	6400	-1646	-1455	2162
	14968	5660	5484	-2132	-3359	-219
	13480	6956	6500	1923	-2371	501
	12088	7892	6020	2721	-736	3414
	15340	5684	6144	1455	-2247	1238
	14976	6580	5624	3043	-3753	4428
	14184	7040	5960	2861	-1087	275
	13520	7368	5760	2702	413	-1249
	12664	5504	3608	3768	1039	-750
	-1588	31016	32767	-10236	-1372	13864
	13956	6420	5548	-116	99	-386
	13048	7556	5132	-266	-938	44
	12732	6352	5440	-1206	-2990	4261
	14832	8036	5532	-294	-2676	1896
	13028	7792	5436	202	-1061	-2029
	12924	6428	6056	376	541	-957
	13536	6936	5728	982	1153	510
	13584	8208	5704	895	-771	1830
	13332	7828	5248	997	83	-2097
	13916	7112	5492	765	2156	-3773
	12904	7412	6772	-185	2969	-544
	12972	7408	5656	-124	47	1806
	13408	7452	5128	249	399	2040
	13488	7204	5760	171	642	487
	13500	7672	6608	983	761	-345
	14304	7532	6604	1258	3464	-4283
	14552	8780	7824	-459	3268	-5560
	11088	9520	5596	-1356	3806	-2240
	13760	7476	5884	634	177	-929
	12052	10164	6664	5094	2641	-3377
	3688	5872	-76	2629	11034	-8836
	11764	5888	4780	181	17218	-9521
	17264	5968	8008	417	19309	2841
	18412	3772	9348	2522	-1754	1689
	10780	9236	6224	242	-1445	-1823
	11728	8476	7080	1771	-1098	559
	12548	8592	7176	2686	194	-870
	12616	8636	6232	3427	2180	-4255
	11288	8876	6816	1716	1768	-3594
	11536	8880	7164	2793	2098	-1647
	19640	-19396	-7796	-2292	10405	-28414
	7912	13944	5356	7287	5194	-30278
	8656	2596	8844	-2929	-2170	-15700
	5864	13344	7024	3212	-6458	-11073
	6760	8988	6884	10221	-5027	-7972
	4292	12616	2268	-6808	-6736	5079
	4256	16992	11060	-14296	-11946	28176
	16908	12344	3608	21398	-11232	-14248
	2616	8524	-3376	25152	15346	-17053
	11692	5848	3960	-15170	13702	-4626
	11448	20752	15760	7451	23891	-22462
	4444	12456	6328	15833	16684	-15097
	9004	12348	5304	428	-2905	530
	5316	18196	7344	-1068	-4731	6065
	5372	11560	4752	2917	-2018	4089
	1724	17652	4028	10806	5887	-15837
	7616	15064	1796	16076	8609	-19248
	7188	16352	7256	19507	3814	-9134
	9004	17020	7596	7251	-365	600
	5876	18128	7796	-10381	-895	3703
	4744	12468	8888	-2349	2802	337
	4612	15916	7700	22881	10937	-11213
	2696	18536	1456	26935	10679	-5569
	3280	15708	-2196	12913	6920	-1041
	7760	5472	2236	-15914	3653	4886
	2408	11400	1880	-771	6203	-1038
	10536	748	-3120	9346	8845	-710
	5308	32767	5324	-5242	-4121	4972
	-832	8940	2916	11815	3564	-8032
	5668	11900	1620	4470	4319	-6774
	8572	15956	3100	5934	3138	-396
	9908	17824	-6860	-3650	5760	2136
	6572	20024	1992	1904	-4434	10766
	5880	21692	4180	26337	-3352	21932
	5928	19328	592	32767	-2872	24386
	4896	13488	-4600	30303	-2108	26944
	6212	9628	-5448	19317	-2133	24845
	7996	9424	-2744	8313	-1953	20212
	10944	13188	-168	12551	-5731	13930
	10348	11772	-3636	25954	-4426	12342
	10520	11968	-3792	27427	-8410	20607
	7940	8392	-6764	27157	-3953	17463
	10496	7256	-5916	12628	-2470	13858
	9696	6396	-6600	9991	-2432	5437
	13276	9960	-8232	11221	-7208	5786
	9988	8772	-8428	4949	-2200	1859
	13452	12728	-7976	15900	-7188	10578
	6704	5272	-8156	29424	-13375	13760
	12240	2716	-13828	18696	-12676	11538
	11016	3848	-12844	4761	-6047	13150
	12440	1980	-13428	3353	-1909	11728
	12228	3952	-13268	1310	-4316	5058
	9908	1424	-9976	3876	-6718	6664
	13152	2980	-12548	4768	-7063	2519
	9384	2200	-11188	6675	-8303	6835
	13384	1572	-13536	18226	-7437	4412
	9476	-56	-14416	22266	-7871	6679
	9196	-2536	-14600	18438	-4217	3490
	9048	-2724	-19172	6501	2009	-2390
	10808	-436	-12868	862	-377	614
	11036	-936	-12988	5395	-745	-5045
	9368	-1972	-15904	7189	3363	-6938
	11284	-536	-10988	464	2116	-6749
	10216	-848	-11368	-715	938	-3802
	6488	-5380	-17056	-5460	-3546	1360
	8720	-1448	-15292	-5152	1432	-1947
	12044	-172	-13796	-2324	5629	-1505
	13088	-1744	-11956	-2486	2913	-129
	12820	672	-10100	338	-1925	-3912
	12384	128	-13988	2058	-2813	-4153
	12548	-904	-12736	558	-5945	-9817
	8004	-964	-13124	2553	-5436	-9641
	10040	-2872	-16288	3117	-2385	-6837
	11280	-6228	-15728	369	1583	-4766
	11652	1656	-14492	-1209	827	-3733
	7068	484	-15628	-2233	-3713	-1948
	13044	4980	-6796	4755	1786	3614
	6884	-1516	-14220	1099	-552	3647
	11784	-1760	-14136	-3507	-3186	-400
	7036	-508	-19344	-5509	2674	-1041
	10816	980	-14392	-4497	5341	-343
	5696	1956	-18572	-3906	-2779	1345
	12104	140	-13948	-931	2850	-2510
	10416	1616	-14612	-1836	2413	-3331
	7916	-1064	-13224	-7453	4785	-4886
	8512	2372	-9788	-7460	7136	-6660
	16672	5312	-9180	-3340	10699	-5704
	13568	4944	-12432	2559	5944	-5374
	11284	3036	-11604	1383	3012	-3356
	10200	1412	-13256	-97	1300	-5589
	9532	-1936	-17428	-4442	5819	-4668
	12408	1784	-16328	-7558	9681	-5013
	13304	5948	-8160	-5563	7694	-2857
	13200	5004	-4532	1902	-2115	-4349
	8936	4232	-12628	-788	-5	-3746
	9248	764	-12952	-3730	3634	-4260
	15672	-3872	-9256	-9286	715	-2072
	31232	13456	29504	-2711	-27267	14950
	12320	5680	-15560	1223	-6523	-2191
	8912	6032	-10764	5705	425	-3898
	9844	3336	-9500	3340	-3276	-2260
	12320	5456	-10588	2495	751	-953
	12424	3856	-6020	5549	-4470	324
	10832	3016	-8488	3959	-2226	2355
	14784	5064	-9788	2916	-6808	473
	8436	3540	-14272	2052	854	2566
	9048	4620	-12768	1195	5915	3512
	13652	3052	-13464	371	9933	3153
	12040	4692	-10784	-738	5355	-1165
	11740	5936	-12916	-2797	7048	1337
	11068	4152	-11672	-2734	10509	5880
	14864	3016	-11204	-963	12245	7176
	14728	2712	-16252	-7375	14953	2889
	15372	-3404	-6556	-4457	13503	3674
	-32768	31920	-32768	32767	32767	-27681
	14380	3336	-948	-8118	-2424	-7001
	12560	3420	-9572	-6286	-3464	-3597
	15744	3060	-7208	-5264	6955	-1820
	12896	5136	-9080	-5735	11829	-1839
	12852	3056	-5480	-4900	11581	-457
	10988	3416	-6724	-4603	18069	1543
	12316	4384	-6452	-4804	14614	14
	17200	4528	-4676	-7195	20271	-635
	12188	7368	-5620	-7613	27210	-844
	18476	6288	-1196	-9392	31866	-752
	9624	3536	-1336	-8336	32767	-5855
	14668	4928	3120	-7601	32767	-5272
	21892	6908	6084	-8160	30641	605
	14064	3924	3032	-5657	15551	4537
	10076	1760	5148	-9248	31237	10701
	16996	1144	8708	-15949	32767	13193
	22528	3744	13872	-14057	24842	6405
	9220	820	6840	-14044	14969	1961
	10944	1084	8832	-12642	17743	-1533
	13332	5548	8764	-9389	19844	-3998
	17144	5740	12200	793	18569	7755
	10748	-3212	15924	-3757	10091	1733
	10620	972	10684	-1773	6696	122
	13444	2396	12764	-4257	11212	4714
	8752	1188	13712	-12516	25538	14881
	-724	-3896	11892	-15106	32767	13921
	-2000	-4164	11068	-11128	32767	11963
	7624	-2316	23912	-6448	32767	15133
	-104	-2968	17948	-9300	32767	18093
	-5188	-2020	16508	-8672	32767	17805
	184	-428	21484	-1376	32767	12504
	1928	-972	18412	1735	25974	5039
	-4244	-3992	14108	1300	8361	-4200
	-4532	-4456	15636	-3108	4964	-6741
	-22980	4920	-10080	4835	11052	-622
	-11068	-5052	17820	-4237	11261	-3560
	-10404	-5844	15132	-12996	12044	-2108
	-7476	-2276	13760	-10161	10043	-3881
	-3516	-7220	17240	-3964	-2551	895
	-13084	2476	10984	-6459	7246	-149
	-6932	-3044	12820	3473	656	1098
	-23688	-3812	-1108	2509	20489	6075
	-19068	-5876	8612	-1882	32767	20085
	-24768	-5180	7116	-7045	32767	27992
	-13464	-6196	7488	-6482	32767	28659
	-15820	-1140	4812	-7980	32767	19293
	-17376	-5992	-3236	-9992	32767	22108
	-9264	3140	5796	-8479	32767	20691
	-4512	3920	4876	-2571	10556	8450
	-11396	304	1500	3097	-7001	3188
	-22636	7440	-8836	5082	2758	2553
	-20996	1812	-4792	5880	22907	-9061
	-12812	-104	-4084	3829	28326	-12411
	-16664	1700	-6772	3407	23421	-15796
	-15252	4060	-7748	6281	15499	-10461
	-12820	1964	-7432	7775	16437	-1514
	-4208	-752	-6784	2122	12380	4748
	-11664	-10376	-3740	-6527	1175	6482
	-23336	-3204	-18660	-13814	32767	6943
	-9348	6160	-13452	-13228	32767	9508
	-13920	2332	-13648	-12611	32767	10100
	-12056	-660	-13072	-21777	32767	16958
	-6108	-1684	-7272	-32768	32767	23126
	9404	10228	-6568	-27120	32767	12783
	724	10064	-10540	-10426	15901	5725
	-2652	10848	-16372	-2160	6390	1137
	14172	10232	-13552	-957	4902	7012
	-6988	1448	-13720	-619	-9323	3601
	-4060	6896	-14420	-4267	-4374	1378
	-2372	12088	-15628	3099	597	2366
	-5068	4792	-14124	3755	12391	5393
	-5084	5048	-9224	1903	21404	448
	1136	4936	-8344	-3030	21075	-5148
	7644	17756	-24128	7544	16829	2235
	12848	11592	-17564	13153	17131	8132
	7704	2316	-15244	7654	10197	11558
	5852	-8468	-2284	-3754	-5684	-2927
	-10856	11940	-28912	-4983	11957	-5803
	15764	10868	-4580	-11653	32767	4084
	4372	6144	-10288	-11695	32767	7188
	5948	10256	-14140	-6827	16731	865
	10376	6144	-11976	-10591	22507	1297
	14428	10316	-14156	-5126	18409	4461
	4060	8368	-9372	-2537	-4576	-4451
	9696	12600	-11980	-1156	467	-1177
	10708	11040	-10520	-3509	2012	2737
	8264	7232	-10988	-3288	5872	820
	5384	3400	-10404	-5022	14709	983
	12792	5672	-6512	-6368	16817	-5102
	11440	10224	-6564	-6058	8818	-3739
	12980	9856	-7168	-2457	620	-1839
	12692	10428	-6824	214	-496	-476
	11856	9728	-9240	79	1596	-2230
	9452	8748	-8208	-1678	4339	-1889
	11472	9968	-8076	-2854	2746	-1519
	9104	8296	-7452	-2720	1686	-1047
	10296	8756	-6840	-1210	-26	-1411
	10116	9700	-7972	-1465	2383	887
	4076	5244	-2048	-3851	14576	5798
	10800	11160	-8880	-7426	19137	-3118
	12632	10252	-6300	-6799	17781	-4552
	17920	12832	-7164	-5401	-5224	2544
	14844	9372	-14860	1793	-24606	3869
	12976	8576	-15228	-2927	-27807	-67
	12168	8068	-13116	-8673	-28980	1123
	11832	8508	-10816	-11019	-30507	3927
	11016	8596	-8800	-9112	-23374	3052
	9812	9508	-6680	-6949	-13395	-1306
	9980	10152	-5900	-7073	-9384	-56
	10248	12408	-4204	-8047	-9811	4282
	9956	11540	-2632	-6932	-9430	5009
	9800	11080	-4084	-4625	-7048	3383
	9916	12216	-6720	-3416	-1984	3346
	9948	12756	-7124	-3284	1041	1186
	9632	12824	-7172	-2650	1894	-593
	8664	12496	-6596	-837	858	-859
	8612	12088	-7404	78	454	515
	8532	11348	-9280	-1474	1332	1369
	9048	10572	-8868	-2641	1437	-25
	8588	11616	-8372	-1604	524	-1057
	7780	11328	-8888	-1211	-631	-158
	7920	11208	-9420	-1576	-427	168
	8160	11096	-10080	-1807	119	-223
	7788	11100	-9668	-2409	331	-209
	7912	11544	-8244	-2246	302	-300
	8372	11800	-7356	-626	-673	-530
	8308	11484	-7876	-95	-1911	-419
	7516	11256	-7772	-745	-1917	-132
	7152	11076	-7516	-1044	-407	-302
	7928	11984	-6624	-1075	275	349
	8576	12548	-6344	-673	-542	743
	8564	12496	-6536	-346	-741	227
	8660	12528	-6660	-659	-882	549
	8500	12884	-7028	-1463	-1217	899
	8104	12736	-6696	-1412	-530	568
	8004	12596	-6888	-1178	167	435
	8184	12932	-6760	-794	195	394
	8008	12808	-7096	169	-260	294
	8708	13032	-7820	75	-1071	666
	8804	12824	-8044	-163	-513	263
	8704	12308	-7772	300	306	-948
	8604	12216	-7588	559	107	-1485
	8244	12024	-7296	709	-514	-1312
	7848	11856	-7300	1373	-1132	-1040
	7680	11760	-7596	1060	-1319	-298
	8220	11800	-7648	423	-1278	324
	8184	11916	-7848	1140	-1598	231
	8272	11764	-8364	1391	-2049	222
	8104	11700	-8404	1196	-1833	532
	8272	11388	-8528	1086	-1321	668
	8656	11772	-8396	1375	-1388	527
	8184	11216	-8724	1126	-1587	865
	8408	11284	-8564	636	-1508	1217
	7944	11232	-8396	472	-733	985
	7732	11440	-8056	1026	-205	925
	8704	11624	-8508	1300	-753	1724
	8944	11420	-9076	181	-1455	2228
	8584	11440	-8528	-193	-1041	1482
	8408	11412	-8092	147	-403	1031
	8208	11472	-8292	704	-531	764
	7564	11048	-8856	1186	-1248	199
	6908	10468	-8884	935	-1852	925
	6772	10472	-8908	19	-1597	2081
	8656	11764	-8652	-775	-2228	2854
	7632	10420	-10308	-1996	-2410	2228
	7348	10568	-9576	-3089	-924	1699
	8192	11836	-8460	-2932	-2803	4103
	8508	11836	-8360	-1875	-3644	4842
	8980	11888	-8352	-451	-2820	3029
	8900	11728	-8320	1410	-1972	1088
	8844	11388	-8480	2517	-1423	283
	8524	11488	-9156	2504	-1337	645
	8720	11548	-9828	1290	-1159	1346
	8756	11220	-9396	2	-685	1537
	8660	11160	-9184	5	-200	1301
	8632	11192	-9228	735	-498	606
	8304	10940	-9672	1285	-2015	551
	7660	10780	-10588	1105	-2621	1066
	7456	10380	-11320	-284	-3304	1632
	7732	10568	-10476	-1322	-3750	1994
	7212	9904	-10756	-603	-4073	1727
	7144	10184	-11104	-97	-6190	1984
	6896	10008	-11268	-309	-9079	3603
	7148	9824	-11188	-348	-10772	4058
	7144	10652	-10340	-303	-14085	4834
	6012	10492	-11332	640	-16718	8288
	6568	10680	-12948	2178	-20053	10154
	6436	9292	-14832	1358	-19736	10880
	5532	9692	-14736	-512	-18027	8918
	6176	9712	-13964	2265	-18418	4287
	4236	7344	-14812	5334	-15273	1109
	3212	6980	-12260	5592	-11408	821
	4708	7140	-10496	6144	-11618	-33
	3648	6764	-10112	8167	-12706	-321
	2588	5516	-11732	6764	-12353	2805
	3880	5744	-12704	7379	-10446	5542
	5284	6648	-12812	9018	-13288	4930
	5228	6248	-11584	11636	-18122	488
	2604	4768	-11212	14423	-21644	-2220
	780	3132	-12624	14825	-22130	2067
	-1652	2720	-14040	12365	-17603	3229
	1192	3532	-13068	12883	-12898	1505
	-312	2536	-13840	11268	-11634	-999
	772	2260	-11576	11320	-9354	-3209
	744	1436	-10132	14624	-13679	-4755
	-1028	528	-14596	15565	-14288	-4597
	-1620	732	-16960	13278	-10672	-5032
	-2204	136	-14208	12848	-7523	-7265
	-1232	-1396	-13072	16573	-6265	-6535
	-2312	-1656	-10968	20683	-7311	-12584
	-4776	-3172	-16748	19851	-8333	-12783
	-4488	-3636	-16900	15035	-5584	-11404
	-2980	-3652	-14320	13911	-6100	-14215
	-3164	-4824	-15036	16392	-7671	-15530
	-3648	-5864	-15496	18241	-7806	-18758
	-5492	-8504	-17264	19398	-10200	-22229
	-5132	-9164	-16948	17546	-9771	-23294
	-4616	-9980	-14676	16247	-7025	-29400
	-7232	-12568	-16180	18290	-8568	-31365
	-8860	-15808	-16256	17507	-6842	-26666
	-4828	-15736	-15248	17650	-3882	-25027
	-3240	-14536	-12708	15892	-4925	-27492
	-2932	-14996	-10376	14886	-5810	-24906
	-1636	-16208	-10780	13877	-5849	-19397
	664	-16756	-10012	10907	-3165	-17397
	460	-16312	-10348	10462	-1720	-19658
	-144	-18084	-10056	8591	-860	-17686
	1516	-16828	-7748	7741	-645	-12608
	3580	-16308	-5692	9533	-2299	-7727
	3744	-16344	-7744	8848	-5430	-4587
	3472	-17796	-6976	6958	-4710	-5077
	3716	-17856	-5240	6042	-2515	-4035
	3272	-19348	-5868	3857	-725	-1850
	4040	-17996	-5332	2931	-1100	2012
	5216	-16588	-5216	4552	-3110	1548
	4088	-16656	-6832	4612	-3651	-19
	4220	-16416	-5900	2662	-2708	-1231
	3784	-15784	-4444	4044	-1635	-2527
	4368	-16216	-4912	4586	-1254	-2498
	3996	-15440	-5064	1887	-2138	164
	3144	-15264	-4928	59	-1963	1349
	3512	-14396	-4004	-458	-1101	-101
	3192	-13668	-3628	1195	-1063	-1067
	3020	-13652	-3828	2573	-1189	-814
	3116	-14788	-4252	2045	-2246	-1491
	3016	-14784	-3624	1430	-2197	-2259
	2824	-14972	-3488	1759	-1535	-2385
	3780	-15700	-4064	250	-107	-2637
	3848	-15796	-4764	271	571	-7898
	4412	-13768	-5460	-551	-593	-7944
	4932	-14772	-2428	1879	-949	-8900
	6212	-12656	-4788	7416	-1259	-6807
	6096	-12396	-4756	12494	-6907	-3436
	4076	-15144	-3632	9817	-9553	-3676
	4200	-14560	-3120	6921	-7203	-5253
	5448	-13892	-2468	7534	-7382	-4254
	5968	-12252	-1892	9396	-8811	-475
	5468	-14088	-1612	10723	-9252	802
	5336	-16844	-284	6392	-6766	-2830
	6232	-15676	-420	946	-4691	-3367
	6128	-15220	-472	2122	-5042	432
	5412	-17152	-828	3706	-4705	89
	5196	-18300	-384	4912	-3555	-1399
	5456	-18244	-300	2904	-2738	417
	5556	-18372	-360	1302	-3155	1597
	5380	-18324	-1704	-87	-1905	-52
	5860	-16944	-2588	-927	720	-1541
	5828	-15704	-1684	-1775	1522	-2108
	5488	-16204	-1300	-570	1271	-1366
	5268	-16584	-1632	-719	858	-821
	6272	-15320	-1640	-1308	66	153
	6316	-14976	-1720	373	-1430	922
	5376	-16800	-2380	1396	-1668	240
	5644	-16888	-1816	464	-595	-859
	5608	-16056	-1856	-128	-124	-180
	5176	-16048	-2340	-345	-415	-90
	5452	-15400	-1396	-352	-435	266
	5796	-15688	-1120	603	-333	1187
	5424	-16940	-2900	-612	-100	1087
	5560	-16644	-2392	-2268	821	1171
	5752	-16096	-1804	-2244	1058	2353
	5548	-16384	-2316	-795	634	1725
	5332	-16724	-2876	-1226	988	640
	5336	-15792	-2552	-2714	1469	1200
	5356	-14156	-2520	-2525	618	2206
	5444	-13984	-1644	-1473	-784	2762
	5956	-12960	-1164	973	-2673	3167
	5080	-14076	-2588	2055	-4988	3934
	4504	-16404	-1820	-1504	-2257	1823
	3428	-16384	-1212	-2638	119	-1109
	4896	-15716	-1680	-1392	-299	-629
	-25764	-8840	11260	5036	3487	-7520
	9532	-14472	812	-3572	5133	-4765
	3356	-15164	-1960	-878	2721	2297
	6372	-17352	544	-1145	4461	1836
	8676	-15480	-120	-1286	-688	5560
	7720	-14332	-2840	2024	-2338	-330
	4868	-16304	-1512	485	-1903	1150
	5484	-16240	-848	1620	-6505	-2393
	3100	-15688	-4032	-83	-4593	2069
	2656	-16244	-3524	-375	-2483	1085
	2816	-16268	-3288	866	-1043	-2340
	2844	-16116	-3340	2006	-342	-5822
	3096	-15920	-3180	3129	443	-8974
	4272	-15828	-2740	4586	1973	-12202
	3752	-15680	-3712	5132	1616	-13657
	4448	-15688	-2884	6269	2349	-16527
	5924	-14908	-2612	7671	3096	-18277
	7504	-14784	-936	10143	4991	-21406
	5544	-14184	-3372	10989	5673	-22899
	9940	-12088	432	13615	7001	-27448
	12900	-9676	1740	15354	8545	-30846
	8780	-11332	456	15791	9368	-30741
	11796	-11560	1052	17830	9882	-32768
	13112	-7148	2768	19455	12798	-32768
	9980	-6680	1140	22280	13345	-32768
	10784	-3972	2700	23499	14455	-32768
	6808	440	2076	24352	16902	-32768
	5088	1804	3100	30376	19434	-32768
	17188	4744	8732	28046	21169	-32768
	9244	4092	6776	26718	16153	-32768
	9876	4780	5356	26431	18085	-32768
	10356	11020	8068	24459	21209	-32768
	9800	24132	17680	24382	17935	-32768
	3348	12172	7604	20847	17041	-32768
	5512	7188	5852	20279	20250	-32768
	664	18528	2808	17280	17722	-32768
	1764	19260	9396	18565	14399	-32768
	-6276	23492	6792	14194	14250	-32768
	-19220	452	-204	10990	-28180	-16508
	4148	244	23740	-15371	-26800	12646
	-2044	17792	6808	-8046	-10336	12478
	-244	15116	6660	-11382	-11886	15963
	3832	23272	-1268	-16933	-11151	19172
	1824	14420	10288	-16090	-12457	22274
	4820	7792	10704	-18546	-16478	25581
	6596	13292	10696	-19984	-15904	27142
	5880	14528	10440	-21125	-18725	29735
	5340	11848	8184	-22343	-19180	30436
	6632	12976	8648	-23531	-19821	31677
	9964	13364	13592	-23987	-22333	32767
	12248	9424	14472	-24824	-19130	32767
	15816	4220	8980	-23211	-20908	31753
	14052	2920	7652	-23829	-20652	32549
	11116	720	4748	-20618	-16193	27032
	14016	-284	7864	-19359	-16240	26144
	17844	1676	5100	-16250	-17181	21627
	16404	-4100	5020	-17109	-14478	22881
	14336	-4660	3648	-15993	-12504	21230
	10892	-5604	1496	-13470	-10309	17737
	13760	-6716	948	-12153	-9213	15041
	13700	-7628	2800	-10120	-7800	11633
	12988	-7852	816	-8218	-5315	9617
	13280	-8456	1148	-5991	-3093	6596
	13300	-8584	1228	-4239	-1105	4358
	13348	-8808	1168	-2740	639	2469
	13500	-8736	1316	-1276	2265	836
	13268	-8764	1148	617	4472	-1171
	13208	-8588	1416	2297	6412	-2778
	13748	-8944	2940	3810	7527	-5235
	13176	-8824	2944	4976	8049	-7988
	13168	-8408	3500	6086	8500	-11027
	14188	-8020	3560	7673	9036	-14445
	12492	-6776	3776	9142	9209	-17979
	10924	-3672	2452	10243	10503	-20873
	11968	-3636	3884	12401	12178	-23002
	14300	-2244	4020	13943	13660	-25414
	24824	288	11776	12950	12127	-23835
	9184	504	5512	13093	12468	-25820
	8568	1648	1156	16552	18618	-32011
	14872	4544	10092	17572	16487	-30985
	15892	10224	16004	16239	13861	-28458
	9260	6288	7908	16009	18604	-31254
	2852	7868	4484	13829	17005	-28678
	2168	13096	6672	16608	18255	-31558
	5516	13204	8796	15328	19648	-30087
	4816	13772	10484	14632	17058	-28817
	4944	11376	10160	13035	17041	-27184
	2480	13516	9524	11343	15435	-24993
	2384	13732	10136	10023	13025	-22493
	-3420	14012	6564	8914	11451	-19642
	-2944	15312	8232	7358	10172	-17457
	-1364	14892	9444	6068	8739	-15601
	-5944	19840	9028	4908	6156	-12180
	-3196	13968	7828	3536	4870	-9455
	-4416	13864	6428	1828	2961	-6600
	-4372	13892	6916	-116	840	-3641
	-4528	13772	6752	-1730	-948	-1155
	-4484	13872	6828	-3555	-2770	1386
	-4248	13980	7052	-5095	-4360	3459
	-4056	13768	7692	-6400	-6020	5644
	-4376	14752	8232	-7646	-8080	8225
	-2996	13600	8424	-8666	-9653	10385
	1512	14472	9064	-10430	-9685	12327
	264	13328	10992	-10523	-12112	14628
	472	13528	11236	-11910	-14587	16754
	1556	12596	10260	-13506	-15910	18648
	2020	12276	9660	-15055	-17900	20933
	4500	12096	12024	-14542	-17670	21446
	6524	11544	13868	-16336	-23231	24691
	6816	8872	11088	-16542	-22168	24669
	6232	7232	9268	-16799	-23197	25960
	9872	7484	11268	-17424	-23478	26362
	11400	5728	10768	-17319	-21675	25392
	10568	3944	10924	-18188	-24711	27816
	15612	3212	11276	-18469	-24472	27154
	12720	-376	7516	-15050	-21226	22733
	12448	60	6664	-13440	-18465	19772
	14372	-376	7624	-13311	-17589	19920
	12916	-4484	7916	-11756	-17013	17556
	16088	-4684	6128	-10030	-15852	14224
	13404	-4564	2920	-8808	-14355	11840
	14788	-6024	3676	-7126	-12593	8609
	14072	-6296	2988	-5845	-11361	5696
	14108	-7112	2796	-4465	-10662	2442
	14756	-6716	1420	-3065	-8445	-1133
	14408	-6812	1164	-1730	-6362	-4245
	14800	-6828	1060	-554	-4683	-7652
	14936	-5804	724	540	-2932	-10592
	14816	-5100	132	1572	-225	-12973
	13976	-3876	28	2308	1671	-14918
	16292	-4452	328	3191	4346	-17087
	15036	-2992	1544	4090	6245	-20059
	15560	-2028	988	4807	8173	-22945
	13496	2068	3184	6128	10095	-26616
	15444	1252	2312	5373	13167	-24194
	15228	1496	3588	5416	15174	-25936
	13508	2776	4924	6845	17585	-30568
	12444	4488	4244	6376	18687	-30699
	9876	5604	4232	6486	18265	-31098
	14764	7452	5348	6110	19785	-32582
	11168	8660	7796	5084	19012	-29944
	9516	8648	7732	4720	20424	-30661
	11988	12840	11372	3857	19023	-29019
	5320	12188	7916	2337	19283	-27117
	3692	12904	7748	688	17505	-24597
	5372	16892	11196	-466	15988	-23553
	3788	12620	9792	-810	15522	-21867
	-2056	13616	7372	-1405	15252	-19751
	1992	13464	10864	-1385	11734	-17436
	-8	13192	9620	-1547	10817	-15474
	-828	13692	10108	-1395	9633	-12878
	-2160	12852	9392	-2303	7333	-10013
	-3892	13888	10572	-3243	5282	-7607
	-2944	12748	10392	-3239	2809	-4647
	-3184	12440	10308	-3319	331	-1523
	-3136	12392	10264	-3660	-2289	1527
	-3184	12060	10072	-4235	-5086	4639
	-2588	12220	10272	-4958	-7524	7108
	-1536	12116	10576	-6140	-9673	9064
	-1020	11688	11380	-6224	-11133	11035
	-588	11604	10880	-7177	-12990	12766
	-484	16708	15696	-8381	-17864	16703
	2232	11456	11564	-8855	-18187	16888
	3500	9712	11444	-8979	-19872	18727
	4208	9632	11208	-9036	-21890	20259
	4800	10212	11840	-9062	-22106	20855
	6176	9364	8832	-10389	-25130	22851
	8008	8660	9300	-10328	-25194	22831
	9240	8312	13880	-10118	-22839	22063
	7764	5276	10056	-9113	-25233	22561
	13312	4572	10460	-8585	-25097	21724
	12260	2916	8364	-8440	-23547	21067
	16964	2328	9788	-8692	-22801	20760
	14624	1092	5892	-8111	-21427	18551
	12224	44	4408	-6694	-19332	16125
	13952	156	4108	-6329	-17080	15623
	13964	-2108	5552	-5206	-15741	13572
	16200	-2560	3028	-3635	-11389	10139
	15656	-3308	2772	-2831	-9205	7796
	15964	-3476	2412	-2301	-7805	5656
	15868	-3732	1968	-1678	-6228	3652
	15692	-4056	1464	-1008	-4476	1521
	15520	-4056	960	-136	-2458	-848
	15416	-3976	856	608	-518	-3191
	15432	-3896	1080	1322	1416	-5751
	15376	-3760	1284	2072	3060	-8615
	15912	-3400	1824	2804	4302	-11760
	15260	-2636	1740	3436	5372	-14541
	14868	-2076	1888	4139	7046	-17669
	18664	220	3208	4672	10088	-17752
	14408	832	2600	4469	11103	-18223
	15108	976	3232	4339	13000	-19204
	14276	1348	3972	5057	14797	-23069
	13692	3704	5356	5158	15281	-24240
	11968	4544	4216	5110	16532	-25441
	13824	7436	6808	4010	16327	-24451
	9936	6340	6392	3550	17489	-24503
	9412	8628	6540	3335	18926	-25010
	8896	9116	7240	2551	18433	-23980
	9576	11904	9348	2194	19199	-23844
	4868	10704	7388	2548	18084	-22948
	6164	16760	11448	761	15369	-20249
	4372	12284	8836	40	15247	-19771
	3076	11528	9056	-516	14086	-17692
	1176	15436	10780	-1976	12252	-15619
	692	17652	13756	-3308	12263	-13910
	1916	12300	11452	-4043	10745	-12116
	436	12136	10768	-5501	9195	-10198
	-256	12276	10408	-7504	6616	-7982
	-144	11884	12316	-8382	3901	-5531
	-1140	11392	11428	-8793	1634	-3061
	-1072	11116	11880	-9256	-716	-781
	-1440	11356	12592	-10141	-3433	1501
	-1164	10384	12092	-9266	-4796	2847
	-948	10040	12700	-8973	-6388	4245
	-464	9780	12752	-8688	-8547	5895
	-132	9384	12784	-9068	-10978	7800
	432	8548	12080	-10525	-12723	9081
	1500	8288	13460	-10961	-15287	10448
	2932	7900	13692	-11068	-17950	11614
	3760	7264	13780	-10726	-18759	12480
	6304	7044	15888	-10555	-17781	12500
	6848	5964	15068	-11070	-21211	13314
	9532	6452	16468	-11331	-24374	14110
	8148	4324	14264	-10278	-24857	13978
	10540	3976	16024	-8854	-24643	12763
	10076	2472	11112	-9625	-26890	14022
	11016	1864	10856	-8456	-25708	12732
	15176	-224	11720	-7803	-26013	12357
	11664	-396	8136	-5623	-25868	8714
	15500	-92	7808	-3803	-24379	6539
	13824	-132	6264	-3122	-22881	5153
	14908	-96	5932	-2871	-21079	4800
	15172	44	4916	-3048	-20076	5137
	15892	480	3556	-3201	-18434	7078
	13892	-2228	1676	-2782	-16679	6111
	15536	-2120	1352	-1637	-13890	3287
	15260	-2796	-256	-696	-10128	1052
	14828	-2704	-356	24	-6303	-1080
	15528	-2536	-16	700	-3139	-3389
	15536	-2464	28	1221	-233	-5842
	15540	-2456	-136	1720	2487	-8504
	19900	1248	1164	1445	5183	-8439
	15268	960	1472	1108	6252	-5847
	16052	868	1328	662	8816	-3724
	15548	772	1320	351	10918	-2559
	15224	700	2136	187	13691	-1612
	15396	444	2872	117	16344	-1189
	15528	444	4192	6	18169	-1354
	14604	24	5380	222	19844	-1730
	14536	64	6168	670	20997	-2770
	13904	8	6968	1624	22382	-4428
	13424	-132	8488	2889	23857	-6461
	13912	316	10448	5129	23878	-9233
	11284	1440	9564	5581	24087	-9941
	11516	2320	11332	6809	24364	-11436
	10428	2828	11880	7460	23829	-12015
	10444	4276	14388	8242	22757	-12520
	8044	4716	12260	7774	21131	-11769
	8716	5580	12716	7557	22053	-12294
	5032	5396	13260	8195	19312	-11366
	5336	6020	13976	8271	18308	-10981
	4600	7028	14732	8327	18285	-10887
	4024	7588	15656	7802	14116	-9022
	3228	7968	14756	7446	12412	-8119
	2156	7884	14604	7693	10661	-7139
	1360	8616	14128	7753	8564	-6164
	808	8812	13048	5877	6107	-4449
	504	8824	13072	4673	4395	-3232
	400	9044	13352	3851	2951	-2343
	116	9292	13252	2982	208	-549
	324	9372	13444	2103	-2537	1331
	600	9352	13204	1690	-4070	2548
	804	9448	13348	1539	-5632	3638
	1172	9512	13256	1551	-7551	4983
	1720	9884	13968	1574	-10096	6919
	2100	9744	13196	1458	-11751	7922
	2812	9428	13252	1500	-13470	9407
	3008	9276	11968	797	-15071	10538
	6916	8636	13004	-346	-16240	12539
	6424	9840	13136	-1257	-17814	13703
	8148	8740	12248	-2451	-18668	14447
	7892	8928	11420	-3010	-18964	15091
	9228	8320	11272	-3639	-19633	16195
	10036	7572	11252	-3155	-21043	16335
	13284	-6372	-1756	-12197	-13993	596
	10228	8620	13356	-6826	-8001	-10108
	9336	11876	5836	-1433	112	5111
	11540	5388	10304	3764	5462	11305
	12184	2988	11388	704	-153	4298
	11408	6188	9192	948	285	1524
	11596	5664	10428	1770	451	1214
	11440	5792	10072	496	-801	1069
	11708	5008	10168	215	-1655	-486
	11496	6132	9424	-193	-1528	-1362
	11436	6756	9368	1014	-290	-140
	11616	6224	9688	1537	273	819
	11620	6004	9652	797	68	1045
	11852	5420	9696	817	76	185
	11620	6084	9932	484	-560	-340
	11720	6180	9316	687	-528	327
	11800	5524	9988	390	-450	-250
	11656	6084	9288	-912	-1267	-905
	11700	6440	9172	-486	-184	17
	11832	5568	9648	204	280	-203
	11708	6340	9436	902	402	-728
	11688	5988	9468	739	696	-380
	11748	6076	9760	433	449	-626
	11736	5904	9732	233	153	-1103
	11572	6404	9748	-195	-239	-691
	11492	6540	9256	-30	-91	-364
	11444	6468	9300	380	660	557
	11328	6088	9176	2128	1554	-338
	11396	6688	10000	-169	960	1159
	11872	5452	9912	-1250	85	62
	11520	5740	9580	-565	-77	-1527
	11448	6256	9520	-1168	-119	-2045
	11560	6608	9928	-1215	-120	-1164
	11508	6612	9776	-1314	-567	-334
	11516	6156	9440	-395	301	-265
	11312	6228	9816	101	646	-159
	11436	6312	9792	-289	97	92
	11456	5968	9784	-155	110	231
	11604	6124	9548	-3	305	-266
	11360	6292	9792	91	292	-172
	11496	6284	9708	-101	29	119
	11528	6024	9828	8	151	-46
	11436	6176	9736	66	234	-218
	11432	6208	9736	40	132	-66
	11464	6080	9768	-25	40	40
	11420	5904	9608	41	117	-113
	11404	6220	9840	106	189	-172
	11384	6204	9780	-6	13	-87
	11300	6048	9704	38	14	-37
	11456	6168	9668	95	82	-179
	11516	6180	9744	111	54	-107
	11416	6104	9740	61	-18	-53
	11520	6132	9832	94	6	-99
	11400	6108	9820	124	100	-160
	11448	6176	9844	81	50	-101
	11456	6140	9852	51	23	-52
	11388	6112	9688	105	46	-136
	11448	6156	9724	88	74	-129
	11532	6244	9732	31	47	-71
	11496	6028	9760	54	74	-114
	11336	6140	9832	70	99	-143
	11476	6172	9820	92	73	-97
	11352	5996	9676	21	63	-38
	11472	6072	9820	65	76	-120
	11532	6200	9876	62	76	-110
	11612	6144	9728	58	60	-78
	11508	6040	9748	87	53	-92
	11480	6028	9700	76	67	-114
	11368	6092	9832	53	60	-98
	11412	6080	9796	93	42	-94
	11404	6100	9728	55	57	-121
	11436	6128	9724	61	72	-93
	11440	6208	9736	61	52	-74
	11340	6156	9656	86	78	-97
	11428	6028	9976	62	70	-125
	11484	6184	9732	77	67	-130
	11524	6160	9684	74	15	-74
	11504	6188	9804	71	60	-90
	11464	6124	9676	85	50	-91
	11396	6248	9812	66	66	-108
	11476	6204	9812	101	54	-109
	11488	6192	9784	98	83	-102
	11420	6092	9700	66	32	-117
	11544	6160	9816	98	83	-96
	11524	6144	9636	72	60	-88
	11432	6192	9824	99	66	-75
	11432	6184	9740	67	43	-111
	11496	6240	9792	65	44	-95
	11412	6096	9756	78	67	-131
	11548	6008	9724	49	81	-107
	11432	6088	9676	63	72	-91
	11472	6172	9772	79	74	-103
	11356	6204	9812	93	60	-74
	11496	6096	9824	65	68	-90
	11488	6188	9764	64	53	-99
	11400	6116	9672	63	27	-102
	11456	6128	9772	74	43	-92
	11408	6100	9792	60	58	-111
	11524	6112	9752	61	26	-112
	11384	6176	9844	75	81	-96
	11536	6228	9712	59	40	-98
	11556	6104	9660	64	30	-95
	11396	6196	9780	66	61	-105
	11432	6096	9772	56	33	-104
	11528	6108	9908	83	42	-82
	11428	6036	9860	72	60	-105
	11540	6096	9600	45	62	-104
	11364	6060	9800	80	68	-88
	11444	6092	9796	66	75	-89
	11432	6200	9760	59	63	-98
	11456	6152	9712	92	61	-116
	11376	6184	9636	82	67	-128
	11368	6132	9764	95	43	-130
	11476	6088	9736	66	80	-101
	11400	6072	9580	78	64	-100
	11468	6196	9780	58	51	-112
	11328	6168	9640	49	44	-94
	11360	6056	9696	84	54	-105
	11460	6120	9780	88	68	-98
	11564	6108	9752	54	38	-96
	11212	6844	9960	174	-8	284
	11700	5316	8580	-4513	1039	-755
	10020	4548	12136	-6338	2017	4650
	12780	9696	8224	3517	2192	5886
	12248	6568	10984	1667	4015	9955
	14152	4044	13700	-1883	316	-836
	15944	3468	13248	-4001	-4823	-6190
	11844	5380	11348	-1882	-6963	-2463
	10676	5928	11016	-662	-1754	2651
	10064	5936	10756	-541	-1279	4616
	8832	6960	9848	148	-717	1166
	8644	6692	9816	765	-947	-2666
	9448	5864	10248	233	-1440	-3036
	10480	6812	9704	-348	-1379	-2324
	12120	6008	9240	258	-1226	-1474
	12336	5008	9388	457	-1244	-129
	11328	5072	8720	944	-874	1159
	11264	4712	8544	794	-400	207
	12948	4088	8192	148	-616	-2026
	13172	4012	8172	-829	-2595	-3366
	11464	4124	7788	-501	-2693	-2745
	11044	4416	8320	192	933	-255
	13504	4584	9192	-805	1022	1335
	13264	5532	7808	-1018	-1979	-1955
	10976	5628	8416	-633	-1309	-4361
	11796	4248	9064	-155	1052	-2861
	13372	5144	9076	-49	1694	-741
	14068	4316	9992	-719	144	233
	13488	4572	9272	-1447	-1753	245
	12248	4144	9560	-1732	-1630	-711
	11904	5672	8360	-1009	-1408	-246
	11940	5648	8952	-444	-610	8
	11728	6056	9400	-473	91	-404
	13200	6232	9284	-475	800	-1204
	18176	7108	12584	-2754	-2882	-1901
	11800	6948	6512	-2116	-3490	-373
	11000	5144	8592	-946	-2596	-161
	11384	6416	8856	-1720	-3137	3195
	13324	1720	5052	484	-714	3017
	11104	5980	9164	1052	-104	-662
	12460	4212	10144	721	409	-2687
	27920	26792	28284	-3330	-9015	7968
	13856	6312	10744	-1869	-2670	497
	12864	6392	7684	-238	-1093	2492
	9320	5044	10276	577	-1580	3498
	11156	4492	9584	-104	-1794	3109
	12564	4856	9996	-191	236	463
	12612	5144	9480	-137	-724	-529
	12592	5508	8988	-281	-360	-601
	12920	5828	8816	103	443	140
	12252	5868	8472	229	1709	822
	12556	5316	8904	399	3082	1686
	12768	5408	9740	-1574	887	-3506
	11756	4080	10040	-748	1086	-985
	12408	5308	9204	-1221	68	-2183
	11948	6228	8892	-352	1295	-1076
	12316	5072	9180	655	2430	-445
	12368	5128	10592	-260	1429	-1556
	12212	4868	10276	-1019	-817	-3522
	12048	5608	9732	-899	-1445	-3341
	11932	5748	9408	-684	-1999	-3107
	11752	5476	8648	-529	-1569	-3113
	11828	5564	8904	-394	-603	-3604
	11956	6088	9476	98	-261	-3977
	11912	5956	9252	828	-497	-4259
	11772	6248	9336	1393	-347	-4412
	11884	6628	9680	2018	-1037	-4347
	12216	7136	9708	2215	-2025	-3752
	11920	7196	8780	1033	-1484	-2593
	11492	7200	8532	-328	-971	-1255
	11556	7328	8532	-1356	-586	-249
	11592	7172	8608	-2404	-75	785
	11624	7220	8644	-3552	370	1846
	11880	6800	8860	-3792	1324	2158
	11808	6356	9772	-3084	459	2122
	11888	6080	9708	-2300	-519	2061
	11936	5940	9576	-1585	-1141	1681
	11988	5928	9392	-978	-1637	1461
	11996	5604	8572	-1044	-569	1211
	12196	5628	8788	-1294	727	827
	12108	5684	9676	-1005	775	680
	11992	5776	9616	-631	138	626
	11992	5636	9536	-268	-451	587
	12248	5516	9296	26	-793	470
	12128	5484	8948	-10	-102	109
	12532	5792	8532	-2907	-2620	6683
	10176	8728	11832	1357	4255	-3367
	13032	4748	9432	-363	-3001	-3583
	11768	6472	7152	-461	-3023	-2288
	12004	7364	6600	320	2334	2078
	12820	4920	8844	1078	6541	4839
	12520	3640	11308	528	2926	2346
	12440	5196	9292	111	346	184
	12304	5040	9660	200	880	366
	12280	5208	9504	160	617	432
	12220	5132	9536	151	633	382
	12112	5292	9136	252	1517	905
	11976	5252	9008	333	2919	2299
	12152	4644	9940	322	2745	2162
	12092	4720	9828	403	3067	2355
	12004	4616	9924	290	1923	1493
	12284	4700	9036	479	2316	1464
	12024	4264	10264	341	2178	1697
	11976	4228	10380	267	1555	1207
	11964	4320	10292	195	712	439
	11796	4372	10276	78	75	-73
	11756	4908	9684	167	856	589
	11900	4452	10196	338	1913	1456
	11808	4436	10132	349	1963	1426
	11864	3688	11068	202	1291	972
	11852	3656	11012	-63	-822	-826
	11728	4356	10608	-203	-2039	-1843
	11868	4616	10152	-224	-2013	-1847
	11900	4556	9980	-189	-1852	-1679
	11924	4624	10004	-114	-1329	-1240
	11780	4848	9416	-40	-51	-68
	11848	4516	10068	60	-437	-642
	11900	4692	9836	65	108	57
	11924	4872	9688	85	134	-35
	11916	4504	10092	185	756	437
	11972	4388	10284	31	98	-30
	11808	4624	10012	209	1319	923
	11564	5064	9284	387	2438	1913
	11644	4816	9632	603	3881	3121
	11592	4404	10304	717	4986	3967
	11652	3900	11084	719	4708	3813
	11532	3272	11712	542	3396	2658
	11396	3748	11168	169	589	212
	11228	4544	10096	310	1681	1144
	11364	3988	10956	491	2835	2028
	11300	3652	11160	247	1637	1178
	11164	3360	11932	120	507	297
	11136	4188	10600	76	217	70
	11164	3668	11020	162	682	423
	11212	3604	11488	76	134	-11
	11292	3380	11624	-90	-939	-921
	11176	4148	10620	-168	-1508	-1289
	11216	4148	10496	98	253	80
	11260	3700	11020	121	389	122
	11368	3880	10972	62	27	-42
	11324	3640	11232	39	-254	-350
	11136	4012	10864	-35	-626	-627
	11280	3988	10764	61	1	-96
	11284	3616	11376	35	-279	-393
	11260	3980	10824	-27	-721	-703
	11208	4352	10284	96	247	72
	11268	3948	10724	240	1283	836
	11272	3968	10824	305	1504	1054
	11260	3232	11748	201	989	641
	11128	3976	10864	22	-335	-422
	11148	4028	10724	99	383	175
	11348	3440	11116	-69	376	-119
	11024	3796	10864	-1749	-70	-1326
	11036	4280	10596	106	1364	893
	10864	3448	11292	103	1329	1091
	11192	3692	11176	172	662	428
	11084	3908	10972	214	1306	778
	10964	3344	11548	95	829	597
	11032	3656	11068	108	676	443
	11104	3608	11560	170	781	398
	11024	3656	11228	118	363	116
	10992	3808	11080	152	1000	783
	10936	3316	11780	139	565	298
	10916	3688	11172	59	156	40
	10928	3772	11452	113	609	327
	10872	3772	11196	119	527	266
	10828	4288	10640	299	2411	1793
	10748	3200	12032	323	2620	1979
	10700	3692	11520	266	2138	1535
	10632	3644	11380	338	3285	2515
	10436	3168	12064	330	3015	2306
	10492	3104	11796	216	2230	1656
	10380	3424	11664	273	2848	2232
	10324	3312	11864	336	3899	3137
	10308	2652	12316	300	3506	2689
	10200	1196	12304	1795	3428	-1345
	10180	1440	11912	4795	4653	-6496
	9608	2532	12192	8773	5696	-11320
	9992	4784	13084	11016	5193	-12504
	8948	5708	12524	11583	7013	-12927
	7320	5692	9964	13826	7821	-14979
	7868	6208	13500	17019	8121	-19094
	6876	6592	13844	20746	7517	-25155
	4960	9140	9448	17425	6414	-27326
	2672	12864	7696	11029	11315	-26494
	1476	12232	13384	-1772	10956	-15277
	2136	10804	13132	1327	2548	-16051
	1324	11284	12640	4927	-2071	-19281
	1620	12480	10464	7691	-3791	-24516
	1952	12812	11516	2429	1916	-19172
	6932	11384	14676	1896	1213	-12207
	-6428	28820	18544	6338	-6252	-6905
	9964	4632	11480	9416	-866	575
	-4812	16704	12596	22306	5352	-14609
	6972	220	23080	32767	23754	-25317
	-22928	32767	32636	32767	32767	-32768
	15864	8060	17932	32767	32767	-32768
	-22904	32767	5672	32767	32767	-32768
	4288	-10708	18192	32767	32767	-32768
	1664	992	11908	32767	32767	-32768
	180	4412	900	32767	32767	-32768
	-14584	-6108	6988	32767	32767	-32768
	-13048	3476	-2272	32767	32767	-32768
	-12916	-12660	-19000	32767	32767	-32768
	2804	5224	2072	32767	32767	-32768
	1032	5788	-9400	32767	32767	-32768
	-7152	-1192	172	32767	32767	-32768
	-2396	552	3872	32767	32767	-32768
	30896	7804	24668	32767	23729	-32768
	-32768	32767	-32768	32767	32767	11267
	32767	-9456	32767	32767	3889	4128
	15344	15788	10588	32767	-18259	7294
	14628	9732	11804	32767	-18526	17655
	14580	11348	5152	32767	-13210	18967
	11876	8080	2228	32767	-11414	18981
	10032	8824	-6488	32767	-11423	16646
	13084	5432	-3080	32767	-9305	17721
	9164	1624	340	32767	-8100	13144
	13236	2708	-3972	32767	-536	13894
	12348	2604	-4988	32767	2413	16148
	13584	68	-6092	32767	2663	14863
	13836	-2632	-5172	32767	6114	11782
	13692	-2764	-3572	32767	10992	7753
	18788	-5312	-5088	32767	15795	7655
	14440	-5500	-2684	32767	15371	5405
	15488	-5732	-56	32767	21245	1124
	16540	-6632	-1000	32767	23550	-1636
	12412	-2956	-3056	32767	25753	-4288
	13664	-2928	2980	32767	26295	-8627
	26688	-6952	14644	32767	27607	-13288
	10024	552	6732	32767	31403	-14772
	13904	1708	9568	32767	32163	-17214
	11176	1764	14476	32767	32767	-18449
	8824	6140	6968	32767	32767	-19974
	11916	11616	13272	32767	30859	-17103
	10604	12628	14244	32767	32079	-18065
	5820	16520	14588	32767	27385	-12391
	2844	14268	8060	32767	27874	-10671
	7440	16832	17076	32767	25069	-9453
	3984	14476	4980	32767	28670	-7706
	2628	17012	4316	32190	27090	-6364
	488	14116	1780	28025	26220	-3641
	25308	14452	14760	15523	16226	-1967
	4568	28420	2488	10364	10116	169
	22488	-10088	23240	11570	17892	3701
	11480	-9352	18048	16517	9600	-4097
	-19120	32767	-7100	9528	4204	2076
	-560	27088	628	20722	-9548	-18593
	-6812	32767	-22452	11561	-13447	-26853
	32767	-13492	17620	25548	-32768	-32768
	-7820	13120	-1952	21796	-32768	-32768
	-10592	2388	-9788	24419	-32768	-32768
	-17916	6036	-31380	25993	-32768	-32768
	-32768	-32768	-768	32767	-27403	-32768
	-32768	-216	-16452	10094	-21100	-32768
	-24016	2808	-15412	18891	-91	-21716
	-7200	-32768	28180	23692	-17810	-32768
	-19692	180	-6288	12529	5586	-7059
	-16576	-1096	-4376	11842	3043	-8236
	-15264	-2704	-2168	-3395	2712	-3390
	-14724	-1920	-3008	-2125	2122	-2886
	-16056	-2116	-3848	-2342	-828	1689
	-15612	-1216	-2424	-1177	-1571	3836
	-16144	-1168	-2996	-1356	-2982	5069
	-15460	-860	-2292	-1383	-4008	6317
	-15728	-664	-2380	-1517	-5529	8237
	-16080	452	-640	5701	-5440	10954
	-15020	928	-2324	3771	-3704	10860
	-16540	1924	-1752	3024	-9167	14244
	-17296	1704	-2628	13898	-6713	14856
	-14972	2908	-240	14344	-6445	14832
	-15248	4508	-300	13254	-9748	18419
	-14680	4424	1304	12886	-10840	19649
	-23660	10944	4780	19665	-15018	21687
	-18916	-1644	-2540	9589	-13288	32123
	-7448	10060	5000	10034	-19290	29410
	-4000	11740	5140	-3771	-18944	16212
	-14552	17012	2992	4753	-8924	12395
	-15216	9856	4616	13651	10636	7993
	-14336	11080	4964	13733	30851	4359
	-13184	12984	2992	21822	32767	1391
	-11644	16776	13232	28468	32767	-417
	-11168	15964	-1832	30747	32767	-5487
	-18556	13816	-7168	30360	32767	-3543
	-9252	12164	-12580	32767	32767	-4363
	-3028	5160	-9368	29742	32767	313
	3492	940	7320	28614	32767	-448
	-5544	296	-7388	22782	32767	2824
	11332	6632	-18152	24396	32767	955
	2408	1832	1860	22933	32767	1015
	13768	-9452	-32768	31322	32767	4774
	-7588	-1000	-3132	13545	32767	5693
	16672	3656	8968	22235	32767	-3450
	16460	2116	9628	19698	32767	3704
	1132	1900	11048	24589	32767	-5355
	-6892	5068	3156	23712	32767	-6683
	5668	4680	7080	31307	32767	-11983
	788	8820	32767	19778	32767	-2431
	4796	15896	32767	27241	32767	-14640
	-32768	9912	8732	20331	32767	-2831
	-8772	-1204	7444	21798	32767	1355
	-24856	8024	112	19810	32767	3326
	-14944	7364	-1584	24295	32767	-2138
	-1388	8268	17612	21886	32767	3526
	-24052	11476	240	19196	32767	7042
	428	268	2356	18556	32767	8982
	-5272	2812	-256	12511	32767	12808
	-9228	10188	-13104	9078	32767	16500
	-7916	12444	-22760	6934	32767	17359
	932	6032	-6312	8244	32767	13852
	-7916	9220	-30720	6792	32767	21992
	32767	-32768	32767	-10741	32767	-15129
	10720	17100	-20528	-23656	32767	-29454
	4356	13536	-6456	-23086	32767	-27362
	10632	26828	-7232	-25953	32767	-22576
	7052	14592	1692	-26011	32767	-24992
	-15224	19192	-12668	-32768	32767	-15217
	-3880	29836	7420	-23543	32767	-20142
	44	18904	19168	-19231	32767	-22126
	-6508	29828	13188	-12095	32767	-21383
	-9348	12104	3020	-11439	32767	-16034
	-13512	17364	-856	-10523	32767	-13030
	-9044	13708	8768	-11899	32767	-10373
	-13464	12032	3488	-13382	32767	-6319
	-13696	12352	2948	-16708	32767	-307
	11208	19328	20076	-14522	10639	26742
	-4904	11152	9956	-15370	18831	24825
	-8168	11072	3944	-14761	21607	22740
	-9496	14328	1604	-17512	17045	27052
	-3808	13052	6404	-18538	14824	30356
	-6492	11932	3920	-20729	14287	32767
	-4132	11884	4800	-23003	11599	32767
	-8324	28888	7520	-26547	8909	32767
	-4184	11104	4936	-27576	6898	32767
	2584	9308	11584	-27220	5546	32767
	4508	14500	13924	-30205	4573	32767
	2684	10748	11132	-30973	3102	32767
	6180	8024	11856	-30404	1779	32767
	5824	4768	9388	-29757	-4595	32767
	7716	3652	10128	-28846	-6381	32767
	4548	-408	11392	-27898	-8655	32767
	2444	-1240	3984	-26553	-8299	32767
	5292	4200	-3112	-20199	-7242	32767
	3588	-100	-1872	-21314	-6870	32767
	4464	-7276	7264	-14081	-9659	32767
	7672	-11892	13296	-11286	-10113	32767
	4228	-12524	9276	-8060	-10434	32767
	3656	-11532	6300	-2049	-10597	29374
	3564	-12064	7608	4838	-11714	25780
	2448	-12044	6888	11045	-11567	23854
	1180	-13276	10364	15986	-11170	21638
	3096	-11844	10776	20066	-13098	18197
	2280	-11772	10872	23453	-13827	15971
	1660	-10632	11724	27051	-15902	13868
	1780	-10088	13112	30437	-16902	12662
	6300	-10900	20412	32767	-17608	13725
	4652	-4732	10312	32068	-6353	21306
	9832	-1432	18928	26032	14034	32767
	-580	-8544	10472	28981	18717	29709
	-6844	-3832	21264	32068	5010	27198
	-2112	-3444	13796	27696	5341	30249
	-2724	-3648	15504	30664	12109	16311
	-760	2520	19604	28249	12253	5974
	-6436	7148	15056	31679	9387	-2878
	-7860	8684	13700	32767	-2808	-7356
	1292	5472	17224	32767	-9845	-7693
	-4464	12732	6676	32767	-9026	-14831
	-9892	32767	24820	32767	-21785	-11281
	12332	5544	9524	32767	-13353	-8339
	-3308	22568	-3496	32767	-22135	-858
	4936	13860	6452	32767	-21090	-2785
	-6512	30876	-19784	32767	-16686	5496
	-4800	11632	-13084	32767	-17998	9383
	-3956	6360	-6244	32767	-19693	11810
	-6372	7824	-12012	32767	-22174	11571
	-9400	6516	-16784	32767	-16318	13073
	-6316	2540	-10556	32767	-15503	15262
	-9464	712	-18960	32767	-14072	16752
	-7616	368	-12136	32767	-13115	16882
	-8696	-232	-12172	32767	-14866	17492
	-10340	-2220	-14732	32767	-15360	17355
	-10012	-4024	-11468	32767	-11148	19134
	-7568	-3880	-8992	32767	-9452	18843
	-9140	-5608	-8948	32767	-8582	18601
	-11876	-5824	-9776	32767	-10048	20488
	-11224	-6016	-7928	32767	-9560	20370
	-12976	-6336	-9040	32767	-10373	20482
	-15032	-6480	-5760	32767	-9609	21090
	-17488	-9556	-8240	32767	-9355	19718
	-14460	-5744	-4232	32767	-12061	22608
	-15704	-4788	-2044	32767	-15426	19037
	-14404	-3744	-1996	32767	-14907	16917
	-15100	-5260	-1124	31427	-16463	17465
	-14396	-3268	268	31100	-16155	19854
	-11580	-5080	-8792	27549	-32768	32767
	-19772	-8084	3484	32767	-32768	32767
	32767	22832	-32768	32767	32767	-8549
	-9048	6900	-19296	32767	-14315	-7656
	-13368	3960	6712	26679	-16145	-12910
	2556	-6124	-5448	17586	-21771	6643
	-17192	-20920	-24792	32767	-19817	24178
	-18960	1848	6176	24306	-13896	11876
	-11516	8044	7164	9898	1952	-12495
	-14872	6296	1844	2171	-230	-3026
	-13948	6064	2696	-4436	-1222	3302
	-13152	8448	4552	-8827	-3128	7732
	-13636	8100	4736	-2128	-564	676
	-13236	8444	4804	-2468	-1076	1411
	-13252	8120	4860	-773	-358	428
	-12928	9336	6140	2591	718	-1289
	-12784	8888	5276	9879	3539	-5536
	-13916	7056	2876	7733	3280	-6664
	-13648	6792	3832	1967	732	-1446
	-13700	6772	3420	-1257	-250	830
	-13608	6908	3608	-4375	-1399	3051
	-13560	7460	4060	-6554	-2100	5198
	-12952	6260	3856	-9701	-3767	4481
	-12376	7740	5680	-11445	-3783	6529
	-12272	9264	6936	-9449	-3007	4300
	-9112	12028	7352	-9279	-5230	-2897
	-11940	9188	7696	-4386	-706	-17694
	-12008	7724	10752	2422	5423	-21478
	-15068	5280	4556	8539	7743	-22844
	-14748	6036	5004	8778	8601	-27561
	-18016	3256	8288	8559	16819	-32768
	-14892	2440	7852	12267	21817	-32768
	-15148	-1056	4776	11018	29653	-32768
	-14040	48	5936	6189	32767	-32768
	-18824	2092	3344	-2386	32767	-32768
	-29844	-3748	1404	-5366	32767	-32768
	-15768	-3464	-1936	-4760	32767	-32768
	-6972	196	5264	-3134	32767	-32768
	4188	-13468	-3884	-3908	32767	-32768
	-16536	1232	-7972	3017	32767	-32768
	-1392	5164	13572	111	32767	-32768
	-10276	3544	2900	-6276	32767	-32768
	12392	12576	13404	-2613	32767	-32768
	-10396	6084	9456	9668	32767	-32768
	-24644	8672	-9060	-7835	32767	-32768
	-32768	28980	-32768	32767	32767	-32768
	8896	4800	3936	-32768	9250	-32768
	-32768	-32768	-32768	-32768	828	-25400
	-10316	4316	8068	-32768	-7769	-32768
	-4764	236	22120	-32768	-11306	-32768
	-3996	-6324	10360	-32768	-21278	-32768
	-13536	1168	-8288	-32768	-21654	-32768
	10556	-13752	25828	-32768	-20823	-32768
	8032	-10824	12064	-32768	-20229	-32768
	6428	-8184	9088	-32768	-19061	-32768
	6692	-6380	5848	-32768	-19689	-32768
	8316	-3392	1204	-32768	-17766	-32768
	7252	-3592	1508	-32768	-16703	-32768
	13136	-4468	4732	-32513	-12085	-32768
	-1172	-336	4064	-25055	-10188	-32768
	25160	14324	7108	-27526	-6158	-32768
	-640	2868	-352	-32768	-1545	-32768
	7688	5480	1704	-32768	-221	-32768
	1744	5948	5184	-32768	-139	-32768
	12260	4568	13336	-32561	3853	-32768
	392	12232	7572	-32768	504	-32768
	-1276	6024	4676	-32768	-4637	-32768
	-292	5216	13204	-32768	130	-32768
	628	12576	19612	-32768	1609	-32768
	-7080	6672	14044	-32768	372	-32768
	-1540	4620	17104	-32768	-8450	-32768
	-8508	1400	9380	-32768	-6582	-32768
	-7724	-1716	15372	-32768	-18004	-32768
	-8984	-7528	27124	-30645	-20202	-32768
	-2444	-3520	15148	-30192	-21872	-32768
	-6188	-11440	32767	-32768	-32768	-32768
	5500	-13848	20364	-27043	-31264	-32768
	-9580	1364	-6952	-27267	-23105	-32768
	8932	-12048	23216	-16269	-29834	-32768
	11292	-8748	16280	-16117	-27447	-32768
	5968	-4788	7644	-10880	-26774	-32768
	6668	444	13488	-22125	-27411	-32768
	10156	10360	15916	-27330	-32768	-32768
	24824	14752	10844	-25542	-32768	-4954
	-8588	7108	-8336	-5937	-32768	15779
	2296	14408	-6336	12525	-32768	11693
	3192	-12932	-15408	16463	-32768	23762
	-2116	-6196	-20128	18882	-32768	13329
	1924	-1936	-7636	13122	-32768	16977
	10640	-1780	-588	17883	-32768	7736
	-5556	-6928	-10316	19550	-32768	7945
	5168	-23360	-24648	18559	-32768	3591
	-3176	-8832	-8692	16323	-32768	6202
	-2364	-9512	-9040	15951	-32768	4630
	-16196	-11740	-17684	13368	-32768	4115
	-9120	-11248	-10080	15433	-32768	3646
	-32768	5148	-32768	9005	-32768	32767
	-15184	-11952	-15456	5334	-21273	16435
	-13152	-8332	-7784	6128	-181	22102
	-16948	-11176	-840	7051	11998	23338
	-8288	-6280	-884	378	1448	3114
	-13352	-8492	-6840	446	2343	2026
	-12432	-7728	-7872	305	1068	91
	-13064	-7884	-7936	17	109	229
	-12216	-7504	-7340	36	-150	-222
	-12632	-7788	-7560	17	-561	-600
	-12380	-7652	-7452	-141	-1137	-737
	-12428	-7784	-7348	-106	-1394	-1050
	-12476	-7820	-7600	-206	-1874	-1224
	-12376	-7760	-7304	-256	-2313	-1506
	-13508	-8504	-7612	-392	1228	256
	-13204	-8048	-7484	0	-248	-249
	-12280	-7648	-7412	363	847	-258
	-12424	-7952	-7080	-14	-127	7
	-12724	-7956	-7004	162	340	-131
	-12560	-7968	-7424	31	-53	-36
	-12500	-7876	-7068	80	112	-133
	-12664	-7856	-7064	99	71	-121
	-12672	-7984	-7312	47	12	-80
	-12592	-7844	-7176	72	93	-98
	-12668	-7896	-7320	65	28	-63
	-12640	-7848	-7100	79	89	-115
	-12652	-7868	-7164	80	33	-114
	-12596	-7848	-7192	66	11	-89
	-12736	-7940	-7192	54	72	-113
	-12588	-7884	-7188	59	37	-106
	-12592	-7992	-7160	78	86	-100
	-12668	-7896	-7152	49	51	-94
	-12796	-7876	-7232	61	34	-111
	-12644	-7912	-7208	59	36	-95
	-12728	-7876	-7280	56	62	-93
	-12648	-7960	-7252	65	58	-78
	-12616	-8040	-7104	68	64	-110
	-12732	-7876	-7152	64	50	-88
	-12680	-7900	-7128	60	79	-98
	-12632	-7844	-7256	73	78	-99
	-12544	-7944	-7276	70	35	-119
	-12600	-7888	-7144	73	97	-94
	-12640	-7880	-7260	79	46	-78
	-12648	-7932	-7184	77	53	-112
	-12572	-7864	-7244	60	54	-123
	-12536	-7840	-7140	75	58	-102
	-12712	-7888	-7232	103	26	-105
	-12604	-7896	-7332	67	15	-78
	-12628	-7852	-7212	48	75	-93
	-12648	-7836	-7148	66	69	-108
	-12644	-7828	-7168	78	83	-98
	-12688	-7832	-7144	63	68	-90
	-12716	-7856	-7164	74	60	-82
	-12636	-7876	-7340	35	35	-109
	-12612	-7824	-7384	58	53	-107
	-12684	-7940	-7320	71	42	-68
	-12660	-7856	-7212	61	50	-94
	-12588	-7860	-7248	73	63	-86
	-12640	-7912	-7324	45	89	-126
	-12700	-7876	-7152	48	55	-90
	-12612	-7928	-7212	62	81	-93
	-12688	-7916	-7212	81	50	-106
	-12568	-7880	-7260	106	77	-108
	-12612	-8008	-7192	72	49	-116
	-12484	-7964	-7308	63	13	-76
	-12632	-7876	-7044	59	28	-93
	-12640	-7848	-7244	56	56	-107
	-12568	-7852	-7144	67	65	-100
	-12620	-7988	-7080	85	7	-96
	-12640	-7912	-7200	97	74	-114
	-12504	-7844	-7132	73	81	-95
	-12688	-7960	-7208	73	47	-93
	-12600	-7884	-7240	80	22	-88
	-12532	-7912	-7304	61	69	-94
	-12684	-7908	-7296	63	44	-107
	-12660	-7876	-7304	75	46	-90
	-12620	-7868	-7228	72	84	-100
	-12680	-7808	-7144	83	29	-87
	-12612	-7776	-7104	68	76	-94
	-12576	-7944	-7276	53	43	-88
	-12640	-7892	-7248	83	61	-106
	-12644	-7836	-7288	84	68	-100
	-12640	-7896	-7152	72	29	-101
	-12636	-7872	-7292	56	47	-85
	-12600	-7848	-7204	89	49	-95
	-12640	-7972	-7248	57	57	-97
	-12544	-7880	-7284	58	56	-108
	-12572	-7880	-7152	63	36	-122
	-12628	-7960	-7328	69	58	-77
	-12636	-7900	-7176	58	75	-112
	-12636	-7916	-7384	38	38	-87
	-12604	-7916	-7200	110	73	-98
	-12680	-7776	-7392	64	31	-88
	-12664	-7772	-7228	61	103	-104
	-12640	-7888	-7284	46	36	-100
	-12612	-7908	-7256	92	32	-128
	-12604	-7856	-7176	53	52	-118
	-12552	-7896	-7312	80	54	-88
	-12612	-7896	-7200	73	87	-116
	-12576	-7860	-7200	60	52	-88
	-12604	-7784	-7348	58	66	-82
	-12560	-7872	-7204	72	46	-116
	-12724	-7924	-7160	76	47	-100
	-12672	-7924	-7200	50	84	-98
	-12612	-7888	-7468	70	42	-97
	-12608	-7944	-7292	56	89	-91
	-12620	-7808	-7236	69	63	-97
	-12660	-7868	-7160	77	46	-115
	-12700	-7884	-7320	44	72	-77
	-12664	-7944	-7212	51	33	-98
	-12712	-7932	-7368	73	57	-94
	-12680	-7864	-7248	81	51	-90
	-12580	-7948	-7296	82	7	-112
	-12612	-7920	-7180	70	69	-99
	-12700	-7948	-7180	98	61	-101
	-12512	-7976	-7344	54	26	-98
	-12684	-7896	-7148	45	62	-88
	-12692	-7896	-7108	72	50	-77
	-12684	-7996	-7200	71	71	-94
	-12612	-7924	-7316	73	97	-84
	-12684	-7924	-7240	49	44	-91
	-12804	-7872	-7300	86	94	-100
	-12620	-7968	-7080	64	45	-104
	-12656	-7968	-7116	78	43	-107
	-12524	-7804	-7384	54	52	-100
	-12668	-7876	-7320	102	47	-90
	-12592	-7876	-7240	58	52	-108
	-12772	-7988	-7280	17	36	-118
	-12696	-7912	-7324	71	41	-103
	-12640	-7992	-7236	89	46	-88
	-12616	-7828	-7240	66	56	-109
	-12644	-7840	-7288	74	54	-102
	-12660	-7888	-7100	67	63	-81
	-12704	-7960	-7144	80	24	-94
	-12688	-7812	-7216	79	57	-101
	-12672	-7872	-7232	78	90	-106
	-12780	-7800	-7244	82	74	-101
	-12584	-7912	-7200	104	51	-99
	-12796	-7864	-7228	58	49	-64
	-12668	-7860	-7160	33	64	-83
	-12592	-7880	-7172	77	31	-111
	-12600	-7888	-7324	44	35	-89
	-12616	-7884	-7128	56	70	-97
	-12704	-7864	-7248	61	56	-98
	-12640	-7972	-7232	73	35	-94
	-12568	-7848	-7184	79	63	-91
	-12604	-7956	-7264	68	44	-111
	-12552	-7892	-7196	75	57	-82
	-12652	-7812	-7192	72	75	-110
	-12652	-8004	-7360	71	57	-105
	-12584	-7852	-7172	71	48	-81
	-12572	-7900	-7208	64	42	-125
	-12660	-7848	-7284	75	54	-95
	-12720	-7816	-7144	63	38	-89
	-12560	-7848	-7256	63	83	-98
	-12720	-7864	-7076	86	47	-81
	-12644	-7932	-7224	72	66	-96
	-12640	-7964	-7100	50	47	-95
	-12648	-7952	-7144	79	52	-140
	-12652	-7864	-7088	75	58	-102
	-12532	-7956	-7152	63	33	-96
	-12588	-7884	-7176	59	52	-103
	-12608	-7916	-7364	37	49	-85
	-12600	-7904	-7004	56	39	-115
	-12604	-7936	-7132	65	15	-107
	-12688	-7884	-7172	66	77	-119
	-12696	-7924	-7300	66	22	-88
	-12604	-7888	-7160	78	47	-121
	-12648	-7896	-7284	63	35	-115
	-12592	-7904	-7148	65	52	-112
	-12600	-7980	-7180	89	30	-98
	-12680	-7884	-7188	93	42	-110
	-12740	-7896	-7324	59	45	-110
	-12600	-7900	-7296	74	78	-99
	-12636	-7800	-7284	63	53	-94
	-12628	-7920	-7212	57	62	-75
	-12664	-7928	-7204	64	36	-97
	-12640	-7884	-7140	49	65	-94
	-12692	-7736	-7200	55	46	-77
	-12592	-7932	-7152	77	63	-103
	-12568	-7888	-7244	46	74	-78
	-12620	-8024	-7288	98	50	-105
	-12692	-7892	-7172	56	44	-97
	-12596	-7904	-7228	71	95	-123
	-12464	-7864	-7336	60	36	-112
	-12592	-7832	-7252	62	52	-107
	-12592	-7912	-7300	55	75	-96
	-12560	-7792	-7304	58	62	-74
	-12616	-7792	-7228	76	52	-90
	-12696	-7960	-7100	53	59	-73
	-12676	-7856	-7220	76	72	-98
	-12680	-7960	-7284	80	52	-88
	-12680	-7884	-7212	52	89	-98
	-12680	-7876	-7204	54	52	-80
	-12656	-7816	-7052	57	49	-105
	-12700	-7984	-7380	55	56	-106
	-12496	-7852	-7176	50	53	-102
	-12756	-8024	-7252	60	65	-121
	-12512	-7852	-7220	79	58	-99
	-12564	-7924	-7104	60	55	-87
	-12620	-7844	-7356	70	67	-112
	-12700	-7848	-7260	72	50	-110
	-12656	-7940	-7248	76	79	-110
	-12708	-7888	-7180	59	32	-69
	-12668	-7864	-7204	90	82	-93
	-12652	-7912	-7136	57	44	-108
	-12640	-7912	-7252	90	46	-105
	-12656	-7884	-7164	54	38	-100
	-12668	-8024	-7188	75	50	-93
	-12712	-8008	-7268	55	51	-109
	-12572	-7900	-7332	74	47	-117
	-12536	-7952	-7376	47	48	-114
	-12520	-7880	-7120	74	49	-85
	-12600	-7948	-7436	79	40	-76
	-12632	-7920	-7208	65	54	-91
	-12728	-7928	-7204	55	66	-111
	-12556	-7888	-7308	70	50	-122
	-12620	-7876	-7184	90	50	-101
	-12716	-7876	-7236	55	45	-102
	-12640	-7900	-7132	56	84	-72
	-12508	-7868	-7216	80	99	-102
	-12620	-7796	-7276	64	39	-91
	-12600	-7868	-7164	37	62	-93
	-12608	-7944	-7220	84	49	-112
	-12492	-7840	-7260	76	52	-97
	-12592	-7868	-7192	55	53	-67
	-12680	-7868	-7208	52	68	-108
	-12732	-7884	-7384	51	55	-110
	-12636	-7900	-7212	61	58	-82
	-12496	-7840	-7136	69	58	-115
	-12528	-7856	-7252	63	45	-121
	-12592	-7888	-7160	68	61	-114
	-12600	-7972	-7148	53	68	-86
	-12532	-7876	-7280	59	45	-89
	-12644	-7848	-7368	80	50	-70
	-12608	-7864	-7020	78	38	-107
	-12584	-7872	-7284	76	58	-81
	-12632	-7916	-7208	65	57	-110
	-12640	-7896	-7260	64	65	-129
	-12632	-7856	-7288	88	59	-109
	-12600	-7892	-7156	87	61	-77
	-12612	-7936	-7244	78	24	-109
	-12680	-7972	-7304	71	40	-88
	-12600	-7880	-7184	79	52	-83
	-12560	-7836	-7184	61	47	-67
	-12572	-7880	-7304	63	27	-80
	-12680	-7884	-7268	69	88	-99
	-12636	-7880	-7196	61	37	-92
	-12484	-7900	-7220	70	80	-112
	-12720	-7820	-7192	65	38	-90
	-12688	-7776	-7236	54	68	-86
	-12540	-7840	-7248	56	45	-93
	-12608	-7804	-7232	66	62	-112
	-12620	-7916	-7140	61	68	-111
	-12636	-7932	-7200	58	56	-102
	-12688	-7924	-7212	40	50	-125
	-12672	-7888	-7256	60	47	-82
	-12512	-7888	-7296	69	86	-97
	-12556	-7912	-7192	77	49	-80
	-12712	-7832	-7028	71	45	-73
	-12632	-7900	-7260	63	68	-121
	-12660	-7968	-7296	71	47	-103
	-12680	-7860	-7224	51	43	-57
	-12644	-7868	-7192	77	58	-103
	-12560	-7932	-7296	76	29	-97
	-12580	-7860	-7268	69	50	-108
	-12708	-7808	-7236	49	67	-84
	-12632	-7880	-7396	48	56	-97
	-12596	-7952	-7164	69	85	-93
	-12636	-7900	-7356	46	42	-110
	-12644	-7928	-7136	62	53	-105
	-12692	-7932	-7184	56	8	-121
	-12604	-7940	-7200	72	61	-76
	-12604	-7852	-7252	55	52	-89
	-12580	-7900	-7244	45	70	-93
	-12752	-7916	-7276	69	46	-130
	-12556	-7796	-7400	69	59	-113
	-12720	-7836	-7288	83	42	-94
	-12568	-7888	-7168	86	32	-94
	-12584	-7840	-7360	51	67	-86
	-12668	-7852	-7228	52	59	-98
	-12644	-7908	-7152	71	91	-124
	-12588	-7828	-7252	71	50	-86
	-12528	-7964	-7308	35	39	-91
	-12684	-7992	-7204	56	52	-87
	-12676	-7888	-7272	55	30	-115
	-12564	-7900	-7176	70	50	-108
	-12676	-7936	-7068	61	51	-94
	-12660	-7900	-7244	58	71	-71
	-12652	-7976	-7216	55	52	-93
	-12592	-7848	-7108	72	60	-111
	-12644	-7868	-7304	55	70	-110
	-12668	-7872	-7128	66	34	-80
	-12608	-7896	-7208	58	31	-89
	-12584	-7928	-7256	62	65	-91
	-12652	-7884	-7228	51	42	-97
	-12672	-7800	-7336	78	52	-100
	-12676	-7820	-7200	53	82	-90
	-12604	-7904	-7172	73	42	-122
	-12564	-7868	-7244	70	48	-96
	-12532	-7908	-7216	80	48	-94
	-12536	-7828	-7364	73	45	-131
	-12676	-7876	-7208	67	38	-83
	-12600	-7796	-7224	43	36	-97
	-12564	-7896	-7268	84	92	-102
	-12568	-7872	-7204	97	57	-85
	-12592	-7888	-7272	72	40	-77
	-12612	-7896	-7152	83	45	-92
	-12600	-7844	-7136	92	62	-97
	-12660	-7888	-7264	41	22	-84
	-12496	-7908	-7232	59	40	-87
	-12652	-7864	-7204	92	65	-89
	-12532	-7956	-7308	48	64	-110
	-12628	-7868	-7096	76	43	-93
	-12644	-7940	-7136	69	46	-121
	-12520	-7804	-7208	77	46	-87
	-12616	-7960	-7280	84	57	-105
	-12604	-7884	-7236	43	23	-100
	-12612	-7808	-7164	101	67	-89
	-12608	-7840	-7312	33	57	-99
	-12736	-7896	-7224	68	50	-102
	-12632	-7828	-7148	66	22	-81
	-12532	-7880	-7208	65	47	-79
	-12612	-7876	-7260	57	40	-102
	-12536	-7904	-7188	70	58	-119
	-12724	-7876	-7180	72	50	-131
	-12708	-7944	-7364	50	69	-91
	-12712	-7932	-7196	58	55	-100
	-12616	-7876	-7160	76	46	-117
	-12648	-7960	-7148	65	62	-133
	-12656	-7872	-7224	59	61	-107
	-12596	-7812	-7112	60	60	-83
	-12560	-7912	-7156	49	67	-104
	-12676	-7824	-7208	59	36	-99
	-12640	-7864	-7168	60	29	-108
	-12628	-7928	-7308	82	46	-94
	-12648	-7940	-7288	65	65	-96
	-12768	-8056	-7288	62	49	-95
	-12572	-7896	-7240	83	54	-108
	-12720	-7960	-7412	53	56	-84
	-12636	-7944	-7168	73	50	-87
	-12716	-7980	-7316	87	72	-111
	-12604	-7876	-7192	58	66	-105
	-12708	-7792	-7108	66	68	-104
	-12532	-7900	-7192	75	59	-78
	-12648	-7856	-7316	71	44	-104
	-12732	-7888	-7312	62	51	-78
	-12772	-7836	-7356	77	46	-101
	-12584	-7888	-7136	61	68	-113
	-12652	-7956	-7232	52	78	-98
	-12696	-7948	-7252	63	63	-106
	-12588	-7852	-7092	65	40	-119
	-12668	-7888	-7272	78	38	-96
	-12576	-7844	-7212	60	52	-87
	-12652	-7920	-7336	81	48	-61
	-12668	-7836	-7244	60	60	-110
	-12628	-7892	-7204	81	55	-143
	-12728	-7924	-7196	63	40	-84
	-12668	-7948	-7300	84	39	-104
	-12644	-7908	-7136	84	80	-107
	-12620	-7836	-7284	73	50	-83
	-12716	-7932	-7176	77	67	-126
	-12600	-7792	-7260	40	55	-113
	-12552	-7952	-7176	60	54	-104
	-12720	-8032	-7276	53	54	-97
	-12644	-7900	-7208	65	90	-130
	-12632	-7912	-7172	76	31	-71
	-12728	-7836	-7100	78	69	-95
	-12604	-7904	-7184	70	27	-100
	-12548	-7960	-7188	74	56	-102
	-12644	-7964	-7128	64	66	-129
	-12500	-7900	-7236	74	22	-94
	-12492	-7872	-7240	62	50	-96
	-12648	-7920	-7228	34	50	-106
	-12596	-7832	-7264	40	74	-77
	-12620	-7796	-7200	58	26	-73
	-12636	-7960	-7252	91	91	-106
	-12588	-7956	-7200	69	47	-105
	-12556	-7860	-7048	54	67	-104
	-12636	-7908	-7200	57	26	-96
	-12616	-7800	-7236	60	53	-99
	-12656	-7836	-7128	64	65	-92
	-12684	-7844	-7248	63	39	-102
	-12660	-7908	-7232	85	38	-122
	-12556	-7940	-7300	60	44	-118
	-12608	-7876	-7408	61	79	-109
	-12708	-7864	-7316	72	30	-90
	-12728	-7956	-7256	77	95	-93
	-12712	-7872	-7196	45	50	-102
	-12640	-7908	-7156	56	53	-66
	-12740	-7888	-7268	66	58	-96
	-12600	-7936	-7304	80	53	-71
	-12700	-7896	-7204	71	58	-117
	-12536	-7864	-7352	64	53	-99
	-12596	-7904	-7228	70	84	-99
	-12596	-7876	-7172	51	66	-88
	-12668	-7936	-7332	102	82	-84
	-12596	-7936	-7292	64	58	-123
	-12740	-7892	-7276	53	68	-110
	-12652	-7884	-7100	79	94	-113
	-12640	-7820	-7212	63	57	-141
	-12700	-7920	-7148	57	88	-99
	-12592	-7848	-7168	78	70	-75
	-12612	-7944	-7276	58	40	-101
	-12708	-7836	-7376	53	31	-84
	-12584	-7960	-7152	69	31	-122
	-12540	-7948	-7256	53	45	-107
	-12500	-7808	-7224	73	77	-72
	-12628	-7912	-7316	49	39	-85
	-12588	-7952	-7312	66	21	-92
	-12584	-7808	-7268	83	73	-88
	-12528	-7832	-7384	78	54	-78
	-12700	-7952	-7196	50	60	-88
	-12668	-7936	-7064	51	67	-75
	-12504	-7892	-7296	56	35	-105
	-12704	-7952	-7328	73	75	-87
	-12680	-7960	-7148	86	48	-99
	-12660	-7884	-7204	72	34	-63
	-12600	-7920	-7092	66	51	-99
	-12668	-7808	-7248	32	46	-77
	-12532	-7900	-7180	60	24	-108
	-12676	-7812	-7124	81	68	-113
	-12572	-7912	-7244	65	55	-138
	-12612	-7792	-7164	81	53	-98
	-12676	-7920	-7232	78	59	-78
	-12576	-7892	-7156	73	59	-102
	-12688	-7940	-7280	64	70	-107
	-12632	-7836	-7216	84	67	-112
	-12792	-7928	-7124	80	45	-101
	-12624	-8032	-7272	56	53	-81
	-12712	-7828	-7200	84	69	-116
	-12668	-7864	-7288	80	69	-115
	-12660	-7872	-7124	83	49	-89
	-12772	-7964	-7184	70	51	-106
	-12600	-7888	-7144	44	45	-108
	-12680	-7864	-7292	64	55	-95
	-12656	-7876	-7152	36	26	-107
	-12592	-7952	-7108	55	66	-106
	-12656	-7944	-7204	58	43	-98
	-12664	-7956	-7172	66	68	-101
	-12668	-7872	-7136	63	60	-96
	-12600	-7900	-7180	68	74	-107
	-12536	-7800	-7060	76	67	-90
	-12608	-7816	-7296	68	43	-112
	-12616	-7844	-7116	58	48	-91
	-12680	-7912	-7248	57	40	-100
	-12624	-7848	-7396	92	72	-124
	-12624	-7824	-7204	56	61	-97
	-12688	-7836	-7152	58	64	-109
	-12644	-7920	-7180	60	79	-90
	-12588	-7908	-7172	70	59	-106
	-12576	-7836	-7116	63	54	-89
	-12684	-7936	-7192	71	39	-105
	-12644	-7892	-7128	67	68	-130
	-12612	-7924	-7284	57	22	-83
	-12660	-7876	-7280	70	71	-94
	-12644	-7936	-7228	59	58	-93
	-12612	-8020	-7168	79	55	-77
	-12608	-7964	-7256	51	41	-98
	-12540	-7888	-7048	90	42	-113
	-12740	-7968	-7108	60	60	-88
	-12648	-7896	-7164	41	50	-111
	-12672	-7928	-7356	56	60	-127
	-12584	-7824	-7240	72	57	-102
	-12728	-7936	-7224	64	44	-89
	-12656	-7880	-7264	62	54	-91
	-12660	-7872	-7280	60	52	-125
	-12540	-7976	-7284	54	49	-84
	-12664	-7888	-7188	67	58	-118
	-12632	-7932	-7332	48	33	-78
	-12720	-7844	-7256	68	79	-91
	-12680	-8036	-7320	69	37	-100
	-12632	-7900	-7376	78	56	-101
	-12548	-7896	-7200	66	48	-101
	-12608	-7868	-7260	49	70	-101
	-12608	-7900	-7280	54	16	-113
	-12576	-7848	-7076	71	62	-85
	-12592	-7860	-7268	54	67	-100
	-12520	-7876	-7264	35	47	-62
	-12680	-7940	-7328	103	39	-109
	-12504	-7988	-7156	58	31	-71
	-12620	-7936	-7256	62	56	-103
	-12648	-7884	-7280	55	28	-103
	-12652	-7824	-7252	96	54	-88
	-12720	-7984	-7172	100	61	-102
	-12608	-7880	-7168	76	23	-97
	-12612	-7880	-7132	91	63	-90
	-12596	-7936	-7372	48	68	-108
	-12616	-7888	-7180	67	64	-124
	-12648	-7916	-7256	65	40	-101
	-12692	-7948	-7168	80	90	-106
	-12700	-7868	-7384	64	52	-87
	-12620	-7956	-7156	68	57	-102
	-12692	-7980	-7300	92	61	-98
	-12580	-7856	-7088	58	33	-121
	-12556	-7980	-7128	53	76	-104
	-12776	-7848	-7196	58	54	-108
	-12572	-7904	-7300	91	51	-119
	-12664	-7908	-7196	69	46	-89
	-12636	-7980	-7244	41	32	-96
	-12688	-7900	-7284	69	49	-99
	-12596	-7928	-7152	70	58	-104
	-12712	-7860	-7268	68	31	-116
	-12600	-7860	-7252	81	41	-96
	-12668	-7872	-7220	80	48	-107
	-12592	-7928	-7184	62	70	-94
	-12676	-7896	-7372	65	25	-105
	-12572	-7852	-7184	51	53	-117
	-12568	-7864	-7060	62	57	-99
	-12668	-7780	-7292	59	28	-100
	-12616	-7976	-7220	67	55	-105
	-12676	-7908	-7232	57	56	-104
	-12644	-7932	-7288	63	38	-99
	-12696	-7932	-7220	51	35	-91
	-12468	-7828	-7268	62	24	-83
	-12612	-7872	-7196	78	83	-114
	-12700	-7924	-7096	49	5	-78
	-12704	-7832	-7300	55	76	-113
	-12696	-7820	-7340	50	32	-92
	-12596	-7888	-7212	107	51	-83
	-12616	-7860	-7160	67	101	-124
	-12692	-7888	-7288	44	76	-131
	-12668	-7872	-7204	60	39	-90
	-12592	-7908	-7168	52	43	-102
	-12668	-7928	-7240	56	44	-90
	-12696	-7988	-7148	58	34	-115
	-12700	-7876	-7240	64	86	-103
	-12568	-7876	-7308	56	12	-74
	-12584	-7844	-7328	41	85	-120
	-12684	-7844	-7252	56	67	-119
	-12632	-7872	-7160	88	59	-95
	-12644	-7824	-7160	89	56	-97
	-12628	-7904	-7284	56	28	-107
	-12680	-7912	-7356	69	71	-110
	-12664	-7860	-7080	63	84	-97
	-12624	-7884	-7120	55	69	-79
	-12728	-7928	-7228	32	47	-84
	-12612	-7988	-7308	73	38	-114
	-12600	-7988	-7276	66	56	-70
	-12704	-7864	-7072	68	47	-112
	-12572	-7852	-7136	36	55	-86
	-12600	-7844	-7228	57	58	-90
	-12544	-7884	-7220	74	52	-96
	-12576	-7932	-7156	74	31	-89
	-12608	-7964	-7164	50	33	-109
	-12592	-7980	-7256	56	56	-95
	-12536	-7944	-7312	52	46	-92
	-12612	-7920	-7296	59	66	-119
	-12640	-7836	-7308	79	56	-108
	-12524	-7856	-7184	63	36	-110
	-12620	-7940	-7300	58	63	-94
	-12564	-7876	-7160	74	64	-93
	-12600	-8000	-7136	91	55	-92
	-12640	-7844	-7140	68	65	-108
	-12760	-7980	-7220	87	67	-148
	-12604	-7880	-7280	74	61	-77
	-12620	-7896	-7300	87	33	-78
	-12656	-7920	-7224	78	53	-99
	-12588	-7860	-7244	73	59	-71
	-12540	-7908	-7188	63	50	-99
	-12668	-7824	-7160	61	75	-93
	-12584	-7904	-7176	60	40	-101
	-12532	-7872	-7232	86	48	-102
	-12616	-7920	-7172	71	43	-78
	-12500	-7836	-7148	43	49	-98
	-12604	-7924	-7236	58	50	-118
	-12628	-7864	-7292	60	48	-105
	-12660	-7828	-7196	70	53	-92
	-12660	-7864	-7144	81	52	-94
	-12648	-7904	-7100	98	95	-91
	-12688	-7876	-7248	55	50	-83
	-12560	-7848	-7276	71	44	-84
	-12628	-7960	-7272	64	56	-100
	-12604	-7860	-7084	58	1	-78
	-12620	-7808	-7152	91	70	-116
	-12572	-7808	-7380	59	35	-83
	-12620	-7904	-7356	48	29	-110
	-12672	-7820	-7104	77	19	-79
	-12596	-7848	-7272	52	70	-104
	-12716	-7940	-7248	67	45	-115
	-12684	-7832	-7256	73	61	-106
	-12776	-7864	-7312	74	76	-81
	-12628	-7932	-7280	79	30	-72
	-12700	-7900	-7332	57	64	-106
	-12648	-7836	-7280	95	64	-98
	-12728	-7916	-7360	72	58	-93
	-12612	-7856	-7244	62	43	-99
	-12600	-7908	-7240	60	62	-98
	-12584	-7904	-7144	74	55	-88
	-12636	-7812	-7412	70	78	-101
	-12688	-7920	-7192	68	43	-69
	-12576	-7864	-7156	79	70	-89
	-12584	-7920	-7108	69	24	-93
	-12560	-7940	-7180	63	40	-91
	-12616	-7928	-7164	70	72	-94
	-12644	-7976	-7368	96	62	-91
	-12608	-7920	-7140	73	46	-87
	-12608	-7912	-7232	61	85	-116
	-12616	-7916	-7252	49	37	-75
	-12624	-7900	-7208	81	73	-112
	-12580	-7936	-7412	70	45	-94
	-12648	-7900	-7308	76	51	-94
	-12612	-7940	-7116	86	71	-120
	-12544	-7912	-7376	91	58	-90
	-12612	-7920	-7260	84	56	-102
	-12724	-7940	-7136	79	66	-97
	-12548	-7964	-7112	84	72	-100
	-12652	-7908	-7184	58	57	-107
	-12692	-7924	-7184	62	58	-114
	-12704	-7928	-7236	93	62	-78
	-12708	-7944	-7348	50	72	-88
	-12652	-7872	-7140	62	48	-105
	-12704	-8004	-7028	86	60	-115
	-12616	-7992	-7368	34	58	-96
	-12580	-7896	-7272	72	87	-83
	-12556	-7876	-7152	48	70	-68
	-12676	-7936	-7304	53	62	-124
	-12600	-7932	-7144	62	33	-71
	-12552	-7948	-7280	55	50	-97
	-12596	-7956	-7268	87	78	-88
	-12624	-7908	-7144	85	37	-100
	-12568	-7932	-7260	96	53	-103
	-12600	-7892	-7348	52	46	-101
	-12748	-7888	-7324	49	89	-86
	-12696	-7856	-7380	78	37	-116
	-12708	-7868	-7284	49	75	-89
	-12684	-7904	-7244	58	53	-110
	-12592	-7920	-7316	69	57	-123
	-12568	-7748	-7268	71	43	-78
	-12628	-7944	-7136	64	73	-100
	-12736	-7900	-7228	67	53	-67
	-12700	-7896	-7112	61	42	-90
	-12484	-7888	-7224	83	59	-94
	-12700	-7944	-7084	73	57	-100
	-12624	-7832	-7344	63	55	-65
	-12700	-7888	-7236	59	35	-101
	-12580	-7832	-7192	45	83	-84
	-12552	-7860	-7336	53	49	-116
	-12640	-7924	-7184	81	74	-90
	-12728	-7848	-7352	67	37	-103
	-12624	-7968	-7164	53	73	-76
	-12616	-7992	-7252	79	54	-110
	-12592	-8016	-7204	70	54	-126
	-12688	-7980	-7324	51	35	-101
	-12616	-7936	-7256	45	50	-87
	-12656	-7976	-7192	79	59	-97
	-12760	-7932	-7252	46	42	-108
	-12668	-8008	-7120	61	70	-91
	-12744	-7888	-7232	59	48	-83
	-12652	-7996	-7156	84	40	-95
	-12588	-7964	-7236	79	62	-120
	-12620	-7904	-7108	72	51	-113
	-12780	-7880	-7196	79	62	-86
	-12612	-7932	-7368	69	71	-99
	-12640	-7916	-7348	49	44	-125
	-12548	-7828	-7192	48	55	-96
	-12508	-7956	-7188	71	85	-111
	-12596	-7984	-7376	64	85	-115
	-12584	-7900	-7236	85	63	-95
	-12564	-7896	-7168	72	59	-134
	-12628	-7956	-7184	74	22	-99
	-12484	-7892	-7116	44	82	-103
	-12580	-7848	-7100	48	41	-99
	-12592	-7912	-7228	93	43	-126
	-12548	-7932	-7084	77	45	-88
	-12628	-7804	-7256	60	65	-104
	-12648	-7880	-7032	62	25	-88
	-12596	-7880	-7288	76	58	-110
	-12604	-7788	-7156	57	34	-133
	-12704	-7888	-7232	68	55	-85
	-12660	-8000	-7232	72	107	-91
	-12668	-7816	-7140	51	51	-88
	-12536	-7888	-7240	69	53	-95
	-12652	-7980	-7224	72	54	-111
	-12708	-7864	-7168	88	30	-111
	-12748	-7972	-7128	67	41	-115
	-12572	-7920	-7248	71	39	-98
	-12648	-7872	-7336	73	77	-112
	-12636	-7912	-7228	69	39	-93
	-12688	-7880	-7188	88	82	-95
	-12784	-7964	-7204	74	48	-79
	-12588	-7940	-7188	59	56	-110
	-12636	-7900	-7296	70	44	-107
	-12536	-7896	-7296	76	40	-81
	-12660	-7964	-7244	67	31	-87
	-12600	-7960	-7256	35	56	-90
	-12592	-7884	-7244	90	39	-90
	-12652	-7848	-7216	69	39	-100
	-12572	-7820	-7148	85	48	-103
	-12708	-8016	-7320	70	45	-89
	-12572	-7860	-6984	69	38	-113
	-12588	-7956	-7204	61	33	-108
	-12648	-7908	-7240	72	59	-109
	-12616	-7924	-7268	56	47	-73
	-12476	-7908	-7220	71	70	-113
	-12704	-7896	-7292	56	66	-100
	-12636	-7924	-7228	44	50	-100
	-12544	-7788	-7144	68	73	-100
	-12664	-7792	-7236	87	50	-88
	-12716	-7940	-7272	51	65	-76
	-12640	-7992	-7416	93	42	-92
	-12568	-7872	-7160	66	40	-82
	-12564	-7788	-7248	71	38	-128
	-12700	-7836	-7232	49	68	-84
	-12592	-7900	-7200	70	49	-104
	-12616	-7928	-7140	67	65	-106
	-12592	-7912	-7236	68	76	-116
	-12584	-7856	-7268	60	53	-94
	-12764	-7964	-7268	91	57	-125
	-12688	-7992	-7200	77	47	-102
	-12580	-7952	-7100	89	49	-132
	-12652	-7948	-7084	60	58	-89
	-12764	-7852	-7268	66	16	-92
	-12656	-7808	-7316	87	51	-105
	-12508	-7780	-7220	71	62	-98
	-12680	-7880	-7216	74	59	-86
	-12672	-7900	-7284	80	64	-75
	-12652	-7988	-7276	64	38	-88
	-12684	-8000	-7304	44	40	-112
	-12528	-7884	-7260	79	31	-86
	-12544	-7900	-7344	56	53	-114
	-12688	-7848	-7416	66	47	-103
	-12696	-7928	-7092	54	56	-96
	-12604	-7908	-7052	80	61	-90
	-12680	-7952	-7228	56	48	-87
	-12656	-7812	-7188	72	52	-85
	-12528	-7864	-7256	87	70	-106
	-12672	-7924	-7128	48	64	-93
	-12756	-7960	-7180	57	11	-78
	-12660	-7900	-7268	86	97	-105
	-12644	-7924	-7240	71	50	-89
	-12764	-7868	-7168	60	35	-82
	-12656	-7872	-7220	85	45	-95
	-12544	-7836	-7192	94	72	-114
	-12568	-7840	-7296	55	58	-101
	-12584	-7776	-7244	54	52	-120
	-12628	-7892	-7348	78	92	-79
	-12664	-7872	-7292	62	67	-110
	-12632	-7924	-7384	92	26	-76
	-12688	-7868	-7160	55	43	-113
	-12680	-7868	-7188	78	33	-98
	-12576	-7748	-7188	53	46	-119
	-12584	-7916	-7196	60	59	-89
	-12528	-7864	-7156	33	37	-95
	-12664	-7944	-7320	55	62	-91
	-12664	-7984	-7236	61	47	-106
	-12576	-7744	-7204	72	23	-106
	-12688	-7896	-7112	75	95	-104
	-12632	-7832	-7128	68	56	-106
	-12576	-7912	-7288	86	62	-110
	-12540	-7800	-7048	73	43	-106
	-12496	-7984	-7168	64	57	-91
	-12544	-7840	-7156	70	71	-82
	-12704	-7884	-7268	48	73	-92
	-12520	-7848	-7180	68	40	-108
	-12612	-7880	-7216	71	35	-91
	-12788	-7908	-7316	32	52	-112
	-12716	-7864	-7288	70	32	-79
	-12564	-7936	-7196	68	58	-130
	-12592	-7856	-7268	55	62	-129
	-12680	-7888	-7144	85	93	-92
	-12596	-7944	-7188	64	71	-88
	-12604	-7988	-7180	48	47	-89
	-12624	-7800	-7112	95	41	-104
	-12584	-7888	-7360	78	50	-116
	-12540	-7816	-7060	88	53	-87
	-12760	-7848	-7164	27	36	-95
	-12624	-7916	-7256	73	58	-86
	-12528	-7944	-7260	67	67	-117
	-12596	-7876	-7172	55	75	-98
	-12744	-7912	-7336	63	46	-73
	-12548	-7876	-7208	58	44	-107
	-12584	-7884	-7160	68	50	-94
	-12656	-7884	-7184	66	61	-99
	-12664	-7912	-7276	68	63	-94
	-12620	-7996	-7200	65	40	-78
	-12616	-7892	-7264	64	44	-106
	-12608	-7840	-7048	91	14	-112
	-12692	-7884	-7244	58	38	-77
	-12632	-7884	-7320	70	55	-97
	-12564	-7852	-7276	57	51	-75
	-12556	-7888	-7272	35	81	-107
	-12588	-7940	-7216	52	55	-111
	-12692	-7792	-7280	67	51	-89
	-12708	-7904	-7312	62	81	-105
	-12632	-7888	-7328	46	38	-82
	-12608	-7936	-7256	52	26	-78
	-12556	-7984	-7148	59	37	-117
	-12656	-7956	-7112	72	32	-87
	-12564	-7900	-7164	72	47	-95
	-12656	-7920	-7268	55	45	-66
	-12732	-7944	-7136	85	50	-92
	-12560	-7924	-7280	52	35	-84
	-12520	-7876	-7216	71	54	-74
	-12668	-7836	-7240	76	74	-108
	-12448	-7920	-7200	62	43	-76
	-12668	-7884	-7264	52	50	-133
	-12540	-7900	-7296	73	53	-116
	-12600	-7956	-7276	71	49	-89
	-12616	-7940	-7308	64	41	-94
	-12740	-7840	-7240	62	65	-76
	-12688	-7916	-7412	79	55	-95
	-12648	-7888	-7200	48	54	-106
	-12656	-7840	-7292	79	54	-101
	-12552	-7984	-7224	54	66	-116
	-12460	-7868	-7284	66	88	-110
	-12688	-7840	-7220	77	44	-91
	-12612	-7832	-7260	56	37	-81
	-12652	-7976	-7284	66	82	-107
	-12520	-7964	-7212	78	42	-98
	-12616	-7932	-7260	91	57	-112
	-12588	-7928	-7172	76	43	-93
	-12544	-7900	-7272	81	27	-116
	-12556	-7908	-7232	63	55	-79
	-12788	-7908	-7172	50	77	-79
	-12620	-7912	-7336	48	58	-70
	-12720	-8008	-7132	93	61	-67
	-12672	-7976	-7236	74	25	-95
	-12580	-7944	-7104	62	43	-75
	-12560	-7960	-7168	46	74	-100
	-12620	-7988	-7168	30	39	-73
	-12592	-7900	-7192	59	72	-120
	-12576	-7904	-7204	51	72	-99
	-12496	-7860	-7308	67	33	-98
	-12696	-7960	-7176	67	68	-104
	-12632	-7884	-7228	62	25	-98
	-12516	-7904	-7288	52	53	-114
	-12648	-7940	-7224	46	49	-99
	-12576	-7876	-7028	59	53	-114
	-12660	-7812	-7328	75	66	-103
	-12632	-7936	-7020	59	52	-94
	-12576	-7944	-7304	59	48	-79
	-12644	-7920	-7212	100	42	-129
	-12684	-7864	-7244	73	61	-109
	-12664	-7896	-7200	65	44	-108
	-12628	-7876	-7276	66	32	-88
	-12632	-7908	-7192	66	62	-123
	-12632	-7828	-7240	59	53	-117
	-12640	-7892	-7184	67	92	-107
	-12544	-7932	-7320	48	74	-77
	-12776	-7936	-7160	75	60	-103
	-12652	-7740	-7192	51	87	-109
	-12580	-7960	-7316	43	44	-105
	-12652	-7892	-7232	63	53	-97
	-12656	-7988	-7396	61	47	-104
	-12764	-8000	-7156	63	47	-88
	-12688	-7868	-7356	73	56	-89
	-12604	-7880	-7168	65	71	-111
	-12552	-7920	-7080	92	60	-98
	-12560	-7804	-7180	56	41	-88
	-12712	-7912	-7240	61	84	-111
	-12508	-7884	-7312	64	32	-96
	-12756	-7928	-7272	80	48	-96
	-12496	-7896	-7192	44	33	-105
	-12612	-7920	-7196	56	41	-91
	-12640	-7920	-7280	77	95	-83
	-12584	-7936	-7272	58	29	-106
	-12720	-7884	-7348	69	62	-80
	-12724	-7900	-7288	50	29	-92
	-12736	-7848	-7280	48	70	-99
	-12676	-7924	-7256	61	79	-128
	-12620	-7844	-7236	59	54	-89
	-12656	-7900	-7136	83	64	-101
	-12608	-7912	-7068	72	41	-92
	-12568	-7916	-7200	49	39	-88
	-12696	-7872	-7232	65	56	-94
	-12544	-7896	-7204	59	53	-114
	-12832	-7956	-7192	69	36	-96
	-12580	-7948	-7148	57	49	-93
	-12576	-7920	-7188	54	84	-119
	-12660	-7896	-7248	36	20	-95
	-12588	-7872	-7176	80	49	-114
	-12688	-7936	-7220	24	40	-107
	-12600	-7928	-7212	74	41	-89
	-12716	-7960	-7300	70	51	-91
	-12660	-7912	-7236	79	18	-98
	-12584	-7808	-7124	78	55	-93
	-12572	-7928	-7124	63	29	-92
	-12616	-7792	-7176	62	82	-118
	-12608	-7832	-7172	70	69	-95
	-12700	-7916	-7204	72	28	-95
	-12576	-7888	-7132	74	55	-97
	-12668	-8004	-7140	65	34	-109
	-12672	-7916	-7292	39	38	-98
	-12760	-7860	-7320	69	47	-100
	-12568	-7964	-7248	96	51	-106
	-12588	-7888	-7160	110	38	-133
	-12680	-7868	-7144	60	52	-90
	-12756	-7972	-7168	59	43	-74
	-12556	-7820	-7192	70	47	-136
	-12592	-7912	-7308	61	34	-117
	-12648	-7916	-7240	75	39	-74
	-12724	-7968	-7292	91	70	-98
	-12620	-7944	-7164	69	30	-101
	-12556	-8004	-7308	77	58	-129
	-12588	-7912	-7212	82	33	-105
	-12728	-7928	-7232	57	47	-94
	-12720	-7904	-7172	73	56	-82
	-12680	-7884	-7260	71	84	-101
	-12712	-7944	-7144	82	55	-78
	-12560	-7884	-7084	50	72	-101
	-12636	-8000	-7220	72	80	-57
	-12664	-8024	-7252	65	47	-97
	-12604	-7888	-7088	55	56	-120
	-12556	-7888	-7024	59	54	-101
	-12660	-7944	-7312	55	60	-85
	-12584	-8040	-7272	65	55	-85
