30	1496	3213	1906	73	-1041	331
	83	1607	2664	1673	-1053	-520	338
	118	2616	-3040	1709	-2400	-716	-1969
	151	2300	1706	708	3256	-224	134
	186	1748	-952	853	263	2480	-152
	221	1983	-2449	-2645	-1812	1021	-110
	256	-2925	118	122	960	1625	2207
	288	3237	-2848	2353	-3036	-2611	-1416
	325	-3103	748	494	996	1984	1137
	358	2938	-540	-1214	737	2750	2526
	393	-3252	-1916	-1912	1631	-2897	2480
	428	-1620	334	382	2831	412	-1492
	462	-2319	-1221	2858	-771	-354	712
	495	-667	2965	1478	493	812	-744
	530	2622	3098	-3099	-1416	-1207	-3044
	569	-2767	151	2884	2151	865	-3246
	604	1467	2676	-2362	-1556	-1120	-2827
	636	-2812	-2659	-2624	2884	-1815	-746
	671	1225	-2746	-3248	1746	-1301	-1267
	706	1356	758	-2468	1279	351	-3176
	739	-3117	-2710	-2434	-82	1765	-1544
	774	-187	-2224	-2544	2159	-2891	-2025
	808	-1806	-2722	2527	1308	505	-2879
	841	-374	-2861	2883	1044	-2277	-3249
	882	-2519	-1275	2515	-861	-2055	-2325
	915	-649	-3207	3202	2647	-2613	1725
	950	3265	-1157	-2762	2856	-917	-1208
	985	-810	3003	2620	-2896	-83	-411
	1024	-2417	-3008	-2998	517	-114	-2262
	1058	-292	2791	-3212	-3107	2517	-812
	1091	-397	-2713	-2180	-2718	-509	-93
	1126	-2534	2174	2825	2817	638	2049
	1161	-982	2074	-3228	-1225	1314	-1466
	1196	463	2086	-2564	-445	-1380	-1452
	1228	-1325	2472	3148	-209	-870	-599
	1263	-397	-2985	-1685	-355	-767	-711
	1298	-1201	-2967	-717	1177	-1476	640
	1333	-898	1236	3081	-6	-1352	1537
	1366	-2300	2494	-2631	-1894	273	-357
	1400	-274	2026	-3219	-281	-268	-39
	1435	-626	2415	-2008	-1135	146	-943
	1474	-564	-1865	-435	1184	-1357	794
	1507	-1722	2771	-2233	364	-1708	1570
	1542	-1254	2068	-2757	134	2030	-1343
	1581	-1100	2969	-2054	3041	-1210	716
	1615	-823	1506	-3068	2852	-616	-1174
	1650	-1497	2940	-1850	1918	1552	-2616
	1685	580	2552	296	140	-656	198
	1720	-2240	1061	-3259	-1706	1310	-609
	1755	78	-2260	-849	1900	940	-1019
	1787	-556	1496	2664	3230	-1212	-1081
	1822	-961	2359	2704	-1269	-225	-260
	1857	-976	-3194	-1876	1977	-1368	2363
	1892	-1082	3119	-2020	-352	-694	1540
	1927	-970	3042	-2029	-1399	-1152	1350
	1968	-972	-2309	-590	3218	2756	-1528
	2000	44	-697	-1880	1438	1128	-2473
	2041	-732	1226	2779	-1594	-3090	2628
	2076	1659	3143	-1568	-2559	-1499	1303
	2111	-465	1875	2224	2975	-1938	587
	2146	2256	-1096	2711	1987	-545	-1056
	2181	-2379	2233	-1522	3014	1463	-475
	2215	3145	-1246	-2984	1341	9	-1876
	2250	3266	1280	-298	753	2277	-2653
	2283	-1235	2373	-1494	2377	1645	-1387
	2318	3167	872	-3220	-2702	2216	2631
	2353	1311	-2676	-258	310	-92	2988
	2387	949	54	-3072	-800	2078	1
	2426	-2166	-1296	2047	168	1174	-2618
	2461	-2674	-340	2791	-2012	208	2946
	2496	2273	2844	-341	-3071	-1086	3027
	2531	1374	-1258	-2650	298	979	965
	2566	113	-2783	1322	-946	-2236	1616
	2598	-2982	-2006	2166	-1616	398	2308
	2633	-1456	2086	1842	-1390	-1046	-1906
	2668	737	1831	1753	-584	3061	-1
	2701	151	-1668	1842	-501	124	-2006
	2736	-1066	-1934	-2942	-1437	626	-1275
	2775	-3049	2952	1567	-1123	-2906	1680
	2809	1700	26	-2229	379	281	115
	2842	387	820	-2172	3032	1481	-2920
	2877	1470	-2249	1334	1646	2889	1586
	2916	1454	-1968	-3030	2108	1402	250
	2951	453	-1158	-562	-2025	-2240	-1266
	2983	600	-2764	-2188	-427	-78	-996
	3018	-1124	-1854	-679	2947	2446	-182
	3053	-3060	3036	-2368	331	960	2589
	3086	-1634	-3228	-1834	974	-2085	2032
	3121	-2388	-2342	-142	-741	309	-1349
	3155	2527	2630	-1472	748	995	-634
	3188	-2252	-3150	-1955	-2541	-2546	-2227
	3223	-1023	-1330	677	817	-1923	165
	3258	-3136	2252	-2586	157	-126	-2199
	3293	-2465	-1675	-516	882	587	-1404
	3325	-1765	-2716	-1024	2366	-1021	-590
	3364	3068	3036	-3254	1660	-2511	495
	3399	-1701	-2164	-1943	852	1681	228
	3434	-1143	-2174	-1602	2039	53	-1436
	3469	-2571	2651	3180	2473	1240	-2289
	3502	-1742	-1028	-528	1733	1351	-1475
	3536	-2116	-2191	-1610	787	852	-1960
	3571	-3188	-2102	-1979	-24	730	-1064
	3606	-3270	-1883	-2222	573	1423	-1759
	3639	-3119	-2578	-1730	-2453	1553	-2948
	3674	-3233	-1156	-526	-1566	353	-985
	3708	-3022	-2090	-1745	1195	-874	1829
	3747	-3062	2708	3044	1730	-2739	1247
	3782	-3013	3216	-2706	2315	-503	-1247
	3821	-2958	-1342	-1079	2730	-1809	-2544
	3856	-3195	-2533	-2245	-124	-1244	-1827
	3891	-3079	-1930	-529	-1485	439	-894
	3926	-2843	-2916	-2094	-1355	-1039	-467
	3960	2027	2490	-3210	-807	-1196	-1531
	3995	-2396	-2153	-302	-1978	1030	-2428
	4030	-2056	3071	-576	-1812	768	2846
	4065	-692	-418	2885	1108	2719	-610
	4100	1574	702	-534	1346	1149	-1
	4134	-2418	-3075	-599	-2688	1312	-2792
	4175	-2608	-2307	2394	969	2992	-898
	4208	-2150	808	-40	-1348	1666	1093
	4243	-2737	1006	-359	2729	-442	-252
	4284	-2170	1402	450	-2260	-1291	-449
	4317	-840	1260	887	2868	3171	83
	4352	-3217	1566	-692	2233	2836	1744
	4386	-2128	603	1109	-2900	-623	1758
	4421	-1784	501	-1859	-2124	-2002	1302
	4456	159	311	2923	-10	-2134	509
	4491	-414	-2434	1104	1294	-2862	638
	4526	-2186	-2573	-524	-1171	-1217	-1355
	4560	-447	31	1686	-880	-411	840
	4593	-1114	-211	-1473	-475	498	-498
	4628	-1184	-563	717	-995	-1468	-1063
	4663	584	-262	-95	-378	-1108	-1116
	4702	-10	-799	215	-644	-3172	-1136
	4737	-316	-457	-964	285	2174	-1310
	4775	207	620	483	841	-3164	-2684
	4810	1431	225	-160	1661	1896	-1728
	4843	-2012	334	-495	1112	-38	-2179
	4878	1002	-401	-955	1146	-5	-17
	4913	603	147	-178	451	-694	813
	4945	2569	-932	658	-1782	2290	-566
	4980	58	292	2610	1989	826	-799
	5013	-1642	892	2755	-212	1121	-780
	5048	-267	-3174	1541	2782	-1888	-420
	5083	-2639	-742	1284	2690	-1347	-736
	5115	-2524	-1436	-369	2453	325	674
	5150	-538	-2090	137	-2517	-180	-3055
	5185	-2993	2180	-2687	780	2971	-1634
	5220	-489	-633	3122	3127	2165	-2967
	5259	2295	1430	2335	-827	1214	2083
	5292	-2389	-3179	63	2465	-3018	-472
	5326	1312	1061	-675	2251	-363	2140
	5361	-979	473	-327	2207	674	-3220
	5394	-1428	-2733	-3271	354	-3074	-2338
	5429	-2990	130	-920	-297	-1160	-984
	5464	-1406	2294	280	480	-1889	-2480
	5498	-2648	625	-11	-932	2857	-1735
	5531	-724	-2538	340	-2075	-1369	724
	5566	-2147	1919	560	70	3019	591
	5601	-421	1794	-116	-1297	-2077	-1288
	5634	775	2526	518	-746	3011	-312
	5668	-1609	2780	-224	227	1977	204
	5707	-1481	1397	298	766	1285	-1234
	5742	-939	2494	-752	663	1869	-608
	5775	-1810	1951	385	305	-2349	166
	5810	64	1701	-894	-1294	-1250	-1641
	5844	273	-3054	-2016	-392	-1412	-650
	5877	248	3014	-1887	1384	794	-126
	5916	3064	-118	1010	436	534	-1096
	5951	1832	2322	1092	1831	211	2234
	5986	2960	-2601	1050	-508	-1509	-2789
	6021	1231	2357	501	-1631	2976	-979
	6053	-2441	1999	-1588	-518	-2013	2407
	6088	2534	2449	-1943	1219	564	-475
	6123	1724	2636	-1557	2633	-3042	1748
	6158	-1360	2813	-2481	-900	-614	402
	6197	-1859	2898	2346	1450	2535	-1803
	6232	-1960	-2802	2207	-1277	2572	-371
	6273	-1028	-2619	-3011	-2871	-8	-2801
	6307	-1104	2438	-2861	2673	-2918	2427
	6342	1065	-2905	508	1623	-374	-2999
	6377	-2639	2214	-2422	1799	1553	-2775
	6412	152	-3096	-1701	-1605	-2641	2783
	6447	1081	-2670	-1924	-293	1887	590
	6481	-839	-2806	-2957	1306	912	-2016
	6516	-1762	2746	-1084	670	1083	-1748
	6551	792	-3212	-1508	2848	-376	-989
	6586	-654	3038	-774	2429	2454	1078
	6623	1045	-3212	2438	802	1082	-1012
	6664	1604	-2848	-1114	-102	238	-739
	6699	-1026	-2712	-2087	-3265	2711	1197
	6733	-2346	-1743	3186	897	1888	-3134
	6768	242	-1232	-1701	1058	-2387	1794
	6803	2575	-1695	-2000	2870	171	456
	6836	1713	-1186	-3017	745	-3123	650
	6871	-1470	-1573	-2312	159	2935	-1226
	6905	1258	-2104	-2635	-996	2096	-176
	6940	-1469	-2373	-153	-1658	3023	-3018
	6975	-1329	-1915	-1103	190	3188	667
	7008	1369	-2234	-1728	1072	1908	2423
	7043	-869	-1476	-3112	-1015	-2838	-2003
	7077	2954	-1262	681	-427	2674	1398
	7116	-2750	-1780	2793	-1544	317	-164
	7151	-3257	-2299	-1193	527	2696	-376
	7184	-2908	-1602	-1184	-853	162	-571
	7219	2464	-1960	-2882	-58	1179	1023
	7254	-1258	-1970	-438	-1597	1935	1766
	7288	2759	-2393	-1591	-424	-1296	674
	7321	3145	-2268	-2344	3196	-2504	-1930
	7356	-26	-2220	-942	-1943	-3255	2229
	7391	-1804	-662	-3059	2000	1105	3011
	7426	2763	-3266	-1571	-2333	2016	-3002
	7458	-1205	2684	1213	-2876	-1824	-1153
	7493	-860	-3092	309	-388	3071	625
	7528	-2430	-3000	-354	-1219	2305	2116
	7567	-1743	3083	1244	-2466	-2483	-1743
	7602	-2095	2333	464	-2726	-3034	-847
	7634	-1416	2006	1333	1647	-1975	1421
	7669	-1402	1510	1768	2308	-722	631
	7704	-2101	1296	1113	-2701	-1842	-1222
	7739	-1898	1068	3066	-2577	-1857	-810
	7772	-1324	652	2445	-1788	-100	3160
	7806	2905	-178	1206	164	2797	-191
	7839	-3263	-1815	-2908	908	-466	1096
	7874	-496	253	2577	-409	-452	263
	7909	-1010	-774	2544	1080	-373	-1920
	7944	-1212	43	2413	-276	-268	-2
	7976	-1370	327	829	-99	1328	250
	8011	-14	-186	3181	-86	-2620	303
	8054	-2568	411	-1204	-497	-1838	823
	8089	130	101	1791	-1015	-342	699
	8122	-1844	66	2296	-1906	-1684	2290
	8159	255	-398	1208	-1306	-1350	2904
	8192	-2472	108	516	807	-2951	1728
	8226	883	-770	2515	1681	-1869	-919
	8261	294	-2052	1438	-166	-883	33
	8296	1419	-388	3070	-1663	1630	-1596
	8331	-37	-735	703	-1963	448	-992
	8370	516	-431	1869	2951	-3220	-2683
	8404	-50	166	417	-1961	886	-2298
	8439	2221	-1671	1155	-584	2641	398
	8474	1497	-1413	2066	467	-249	2462
	8507	-1257	1735	-1114	1128	-125	334
	8552	1416	-712	-445	1952	-1704	2521
	8587	-1156	-2928	1834	1281	-1836	-1537
	8622	-947	-668	2220	258	1019	-1155
	8656	834	2130	-1134	372	2758	-2958
	8691	2342	302	-2372	-865	1348	1495
	8726	76	-575	-339	-729	1161	-618
	8759	-422	1300	1090	760	879	-1295
	8794	-871	-1194	-342	-1530	-2446	2145
	8828	-3074	919	-1770	-246	-1253	-220
	8863	-1502	-1244	-1619	-780	-2612	-329
	8898	548	-2865	39	-284	-476	1946
	8933	-2676	-307	-2248	-943	-1469	127
	8968	-577	1964	1885	-2437	-231	-1660
	9007	3185	-452	3123	-667	-747	-2660
	9041	-1548	2558	2183	3171	349	-2808
	9074	-2763	765	909	1523	-2587	1059
	9109	1671	2228	-3025	855	3205	1651
	9144	-1229	-1104	-2339	332	416	1115
	9177	-1324	427	804	-142	-1318	-2185
	9211	-726	-3189	1657	-132	-2943	-1924
	9246	-2360	2602	-2603	2537	-2287	145
	9281	-414	-2334	324	-2823	1946	-3013
	9314	999	-541	-101	3043	2410	775
	9349	-2174	-1794	-2115	-2307	-2419	579
	9383	-2734	-2506	-1093	367	-1658	-1220
	9418	2228	-1933	-2996	-3008	-1933	1207
	9457	-2569	3077	3223	-3013	2928	298
	9492	1198	-702	-3080	1943	-1850	-825
	9527	497	-32	-2694	940	-268	1376
	9560	-706	-1555	-1872	-2171	-2584	2827
	9594	-1651	-1754	-2767	-2520	1747	3075
	9629	2337	-2492	2985	-1258	875	2145
	9662	-2706	3111	-2308	1558	3129	2800
	9697	-2491	-1430	1162	-493	-1770	-776
	9732	-488	-1333	-2760	360	745	-322
	9766	2536	-2372	647	1434	-2718	432
	9799	-1629	-2210	1392	954	900	-1849
	9834	-792	-2043	-3014	1482	-1818	-87
	9867	-2959	3262	3025	1238	2423	-1953
	9904	-2276	-1230	854	-1437	-825	568
	9940	-2032	-14	1728	-600	-2737	-215
	9975	-1902	-2851	1767	-735	-682	-593
	10010	-1694	-2438	-2036	-1095	-3052	75
	10045	-2130	-2566	1896	2746	180	-2674
	10080	1390	-420	-74	3198	-2327	-2101
	10113	-954	-286	372	-3248	2579	1241
	10147	-2701	-1692	1082	2841	325	-2843
	10182	-1640	-1848	-1890	2752	-1004	1625
	10221	2362	-248	1464	-1666	1701	707
	10256	3226	-1872	-1210	744	3178	-288
	10289	-2762	-3185	568	990	1958	-1567
	10326	-3258	-1912	2685	3064	2736	2387
	10358	166	-2870	2246	-317	3264	-125
	10399	-195	-1313	-3010	-941	-1095	-2780
	10434	1651	2182	-2554	-1978	281	3177
	10479	491	-1323	3267	-1328	2716	-1973
	10514	-2627	-2210	-1599	-173	945	-1341
	10549	2020	1136	895	-1029	-447	-650
	10584	1249	2819	326	-1569	-419	-1090
	10616	-821	2806	304	451	2054	221
	10651	-1624	-2290	2666	987	-2087	-1315
	10686	-882	-2618	2522	1964	2249	-1817
	10721	-2449	728	-804	-2244	-2699	988
	10756	2966	254	-244	-1549	-250	3012
	10790	1752	-200	1926	-1323	-599	1601
	10825	1218	3104	1500	-18	2950	2259
	10864	2016	2466	2386	-442	-1521	628
	10899	1176	-1239	-2234	1142	-945	905
	10934	-452	-2951	-1035	-2662	-2251	-3069
	10969	-2760	1564	3086	-1343	1965	-1482
	11003	-768	2886	-364	-1450	-781	609
	11038	-714	-834	2046	886	2719	3213
	11071	-870	-911	1291	2932	-2444	2423
	11106	-2254	2627	1117	-2797	-2133	1304
	11141	2973	-1364	-1649	-1649	-2519	-2849
	11175	-2283	1895	-3119	-2958	2475	-462
	11210	-903	1643	1730	718	2270	-1397
	11245	-522	1369	293	1578	771	160
	11280	-2209	-3086	-3166	1256	3226	-1176
	11319	-30	2597	-219	2257	1121	2783
	11354	-1178	452	-2302	2154	-2805	1090
	11388	1046	493	-3031	1938	545	296
	11421	465	-2124	-1328	642	-1004	-759
	11456	-1162	-2697	-151	2377	1482	-144
	11489	2904	-818	-128	1485	2258	786
	11524	-1378	-2204	-2058	2482	449	2497
	11558	-1194	1135	356	-3083	-1233	-2461
	11593	1162	-3046	1113	3246	-2481	793
	11626	-2517	-2531	-424	-26	1940	-1072
	11661	736	-1805	-31	-2243	2852	-2291
	11696	2401	-292	-354	1789	-2527	1175
	11730	-1658	2049	694	564	272	149
	11769	1335	-46	2290	-82	-2743	1536
	11804	-1537	2238	586	-2912	-931	-1172
	11837	-1318	297	3182	587	3272	861
	11872	2679	1837	2948	964	-395	1044
	11905	140	938	-2025	2453	-2280	2294
	11939	684	1301	-605	-2879	2656	2602
	11974	774	-104	-1520	-2462	3213	2537
	12009	-2659	480	684	-3176	-1505	1815
	12042	-3044	-597	-2399	1965	892	73
	12077	-2950	802	-1870	2248	121	-1497
	12111	-2060	2461	2314	3204	1261	-2147
	12144	2790	1103	-2042	-426	1138	1152
	12179	564	-706	369	1947	-2854	-1073
	12218	-2443	-2161	898	2859	-894	-1441
	12253	1187	-1831	1556	3163	690	1049
	12288	-1533	-729	680	-1156	-1526	-1218
	12322	1925	3195	1493	-739	1073	-217
	12355	2166	-573	606	1324	2531	947
	12400	-980	-1001	402	1410	-403	1885
	12433	-1848	2761	1731	-561	-2111	-3249
	12470	-394	2718	-3020	417	-1534	283
	12503	-2023	-2292	910	541	-1986	2804
	12537	1389	-407	399	-1943	-2159	-1261
	12572	-600	-2884	2139	3038	1506	-361
	12613	2356	-180	422	3025	-515	-2577
	12648	-2822	-216	-2598	1154	377	623
	12683	2600	2243	-3037	-692	1833	2581
	12722	2635	224	61	-2730	-1345	-853
	12756	675	1475	-458	2673	-2094	-2746
	12791	-2530	-1375	690	1730	-466	-2121
	12826	2442	463	-1681	-1247	1447	971
	12861	-545	-550	-34	-2831	2621	3202
	12896	-3259	-162	608	1208	-2119	3168
	12931	-1544	-1066	1509	634	-2855	2274
	12963	-2696	725	-1127	-1013	-2907	3190
	12998	-1803	0	-826	-374	2496	-2837
	13033	2813	-346	260	179	-1294	-1523
	13068	2142	-19	-1174	485	2291	1833
	13103	2937	1427	-409	3179	1257	-1123
	13137	-2943	-2026	313	3051	-2772	3037
	13176	-1508	-328	2244	-1149	-1435	-2046
	13211	-1038	842	-827	565	150	1805
	13246	-2136	-939	1480	-2530	1486	1432
	13281	-262	1150	-2743	416	-330	-2280
	13316	-1204	-304	-18	909	2310	-1311
	13350	906	1216	-287	-605	-3017	1123
	13385	2106	-1051	-1166	1283	-3202	-870
	13420	1559	-388	-1660	1050	2662	2803
	13453	-2642	435	-1588	-247	-2275	1488
	13488	-892	-308	103	-31	-620	-1618
	13522	2779	516	-2961	725	-1993	-591
	13557	1778	580	-931	1916	-131	3239
	13590	-2183	-1450	191	2388	1504	1442
	13629	2854	-675	-1082	926	2542	-1774
	13664	-2890	-570	-1951	713	252	1329
	13699	2541	-356	-478	750	211	3120
	13731	1716	1312	1316	-1044	-617	450
	13766	-1662	-990	-2803	-118	-1130	2826
	13801	-958	1223	-1500	-2132	2102	1261
	13836	-1143	-940	966	-266	779	-725
	13869	-808	-1971	376	209	-1878	-1335
	13903	-1854	-1793	2104	-1435	-1331	-2395
	13938	-1914	-1939	-3184	-1466	23	-1377
	13973	-2203	-1675	377	-309	-1066	2853
	14008	-1310	-1663	-1561	-541	2276	1297
	14041	-1559	-2075	1513	-1111	3026	611
	14082	-2253	-551	329	763	3155	-1581
	14114	-1505	-1552	1980	843	172	-2684
	14149	-1158	-1079	453	-169	-2165	-2135
	14184	-2588	-931	29	-131	1227	-1392
	14219	-794	-63	1169	-811	2827	-2643
	14252	-1481	-2024	-3083	85	2126	-987
	14286	-2161	-1519	1448	1664	1078	-2060
	14325	76	-29	2292	1908	-1624	2145
	14360	1275	2140	92	1586	3004	-215
	14393	2288	-577	2622	283	664	-3029
	14428	2376	-1190	3103	-1496	-2218	2826
	14460	3158	923	-1998	1433	1728	-588
	14495	-92	-355	2630	397	834	-1907
	14538	-617	2053	-12	-3241	-1524	1856
	14573	-2778	1599	2076	-3097	-1769	-317
	14608	826	2626	1435	1129	2694	95
	14643	-426	2093	992	-2079	953	-2973
	14678	1766	1211	-2330	902	-456	3223
	14716	1640	2207	2810	152	436	-608
	14751	2275	-414	-868	135	928	-1978
	14786	-773	-1907	-2050	3079	-1424	-2138
	14821	-1662	3001	-3121	2827	1631	-809
	14856	-832	2036	-3064	-3120	3110	745
	14891	-545	804	-2974	-1468	-2690	-932
	14925	-1877	-80	3242	541	-884	-1333
	14960	-1771	754	-2586	-856	-1550	-1253
	14995	-2170	-187	2242	-65	-927	-2858
	15034	-2486	624	2581	694	-1596	-478
	15069	-2755	-6	2144	-872	3044	1719
	15104	-2924	-1016	1396	-1115	3089	851
	15138	3071	-894	1900	-1604	3028	616
	15173	2684	-220	996	-3233	-373	2427
	15208	-2538	31	1164	-2098	-710	2283
	15241	-2930	328	1841	3249	435	1726
	15276	-1070	2423	2534	1312	-533	2339
	15310	-82	1572	2388	-1579	-3214	1879
	15345	-894	59	-3274	3035	2075	-2436
	15380	-2531	954	1712	392	1314	1295
	15415	-464	2053	1295	-1425	83	1435
	15450	622	-1908	170	1599	-130	-1521
	15489	-3058	-2894	-1603	2107	2124	2874
	15523	-1581	1933	1226	-2188	-743	3203
	15558	-2307	-2314	2642	2423	-2928	-720
	15593	-2356	-1527	2759	326	230	-990
	15626	-2482	-705	-3151	885	-2901	232
	15661	2640	-728	-2931	1131	131	-2710
	15695	1463	-2373	3105	2249	2737	2964
	15730	2186	-2418	3166	-2962	1169	-461
	15763	1137	-3216	-2710	1673	1555	1720
	15798	-690	2058	2326	2340	-1587	-1463
	15833	-774	2344	2286	-3011	-140	3134
	15867	-789	3038	2562	2737	-441	-2489
	15900	-1846	-3234	1450	-3086	-582	-2423
	15939	-1444	-1404	2894	2433	-609	-1840
	15976	-1182	-2088	1835	359	-2422	-922
	16009	-594	-2148	1780	-1042	3035	84
	16044	898	-1793	1680	-1599	2695	1308
	16076	588	-1633	833	13	2785	124
	16111	2219	60	564	602	2870	-427
	16146	2538	1576	165	-1542	-2059	1686
	16179	391	1272	-1944	-1398	-2033	1780
	16214	409	619	-1334	-1619	-2784	2194
	16252	-2393	-1402	-1324	-2795	-1822	-3053
	16287	1902	-1933	-1975	-2115	-3123	-671
	16322	-376	-2348	561	-2699	449	3097
	16357	-1318	1783	-377	-3069	2023	-1521
	16396	-1353	-232	-973	1147	-1995	-3256
	16431	-1812	550	1002	2707	1522	-2555
	16463	2178	550	354	2970	1983	2264
	16498	3208	936	617	3088	315	2314
	16533	-2716	-507	238	1274	-704	3099
	16566	-2522	-2410	-1095	3072	101	1632
	16601	-3037	-1777	-752	-1093	2569	-300
	16635	3145	-317	1481	2803	2256	-2534
	16670	-2743	-1869	45	1736	-568	-2617
	16707	-1778	-2026	231	1480	-1260	3102
	16742	-1256	-2656	-430	-2166	1172	-1258
	16777	-1467	-659	-1510	-1913	1250	-1647
	16818	536	2465	920	2499	1045	-3009
	16859	-260	1158	-1318	-708	-3195	997
	16891	1100	1979	-876	-21	11	-1116
	16926	1646	2960	87	-2666	-3067	2057
	16961	368	2848	-1545	-1680	1776	-2740
	16996	596	2933	-1716	-1866	2861	2684
	17031	1519	-2886	-3206	-771	3001	2135
	17065	1452	-2562	3071	-726	319	3041
	17100	2032	3023	2808	-704	-579	2625
	17135	766	3233	2752	1926	2906	1346
	17168	782	2635	-735	1573	3215	556
	17203	1049	1805	-558	-551	-1931	833
	17238	868	1274	-2661	-2558	2763	-509
	17272	581	853	2204	-1685	7	-2384
	17307	1231	2514	3164	-1682	1121	-610
	17346	-858	2795	-2795	3194	-1471	1893
	17381	-1038	1828	-2044	2390	-886	-107
	17416	273	1525	-1339	520	-2978	3093
	17451	-756	303	-1998	1001	2008	-841
	17485	-1042	-322	-1974	1196	-3110	-1414
	17520	-239	358	-1497	-13	792	659
	17555	334	-525	-2239	-244	-789	2509
	17588	-38	-1074	-2510	2117	1428	925
	17625	825	-1090	-1874	-2250	-2304	-2856
	17659	2389	-782	-477	-2031	-1093	-1996
	17692	1352	-1153	-796	-1236	-2437	115
	17727	300	-1602	-695	-1232	-3169	-1274
	17762	-3160	-2186	-386	103	-2740	1462
	17801	2914	-211	-2652	-236	1630	-2490
	17836	2322	-1808	193	876	-1157	-3094
	17870	484	-1878	-1587	1992	2571	2206
	17905	-1620	2641	2431	-874	659	-1632
	17938	-3232	886	312	-2780	-2106	410
	17973	-629	-3187	807	1763	-2972	982
	18008	-2547	866	-2672	1801	2168	345
	18042	-168	1784	-1782	-2597	-926	-2557
	18075	-757	2651	-1004	-2614	-3147	787
	18110	-2537	27	-1995	2503	2289	-2387
	18145	735	-1526	-1059	1843	-2963	-1412
	18184	-1322	-2366	-1913	1819	2351	-357
	18219	1549	-1636	-2366	-1056	-2376	453
	18257	896	2928	-447	-1234	-2331	417
	18292	-1767	-2625	-682	-1393	2674	-2102
	18325	1175	-1333	-619	-2014	-2520	1039
	18360	-430	1636	-935	2038	2196	1649
	18395	-2412	-243	-920	-41	-2222	-3031
	18429	2479	2926	-3254	2003	-589	-1186
	18462	90	2302	-865	468	-897	2592
	18497	-349	2884	-1382	1858	-2284	2139
	18532	-68	-2714	-2480	2300	-1712	-217
	18567	1248	-1493	3252	-540	-3259	3225
	18599	1330	1639	2315	1952	-2926	1865
	18634	165	720	1450	1732	-1182	2876
	18669	2793	-2038	1864	-557	-1987	-2651
	18708	1279	776	106	2746	404	2774
	18743	-98	1472	-601	1579	-3232	2169
	18776	1043	-2442	-261	539	-2106	-2176
	18810	1706	2358	-734	-1676	-1579	-2653
	18845	-2554	-1116	-1992	-837	1172	1208
	18884	3053	-2038	-707	-439	3072	2270
	18925	-1537	1517	-630	3066	2936	-857
	18960	1290	-2928	-70	3214	-2539	3048
	18995	172	-2632	1381	1694	1721	-2799
	19027	-3276	2290	632	1793	274	-2201
	19062	3218	-2133	2002	-792	167	494
	19097	-2565	-368	532	-103	-2570	-2217
	19132	-2034	286	148	-2109	2542	1940
	19171	2006	-852	-38	1889	-380	-1952
	19206	2327	276	499	-1381	697	-74
	19240	632	-113	-433	3078	-624	-495
	19275	448	26	-363	-1563	3087	344
	19310	1008	-780	-336	3094	2397	29
	19343	1290	-774	-39	-2455	-1808	1588
	19380	1840	-916	-2942	955	2622	-611
	19412	-2612	1889	1823	-22	-1418	2414
	19447	-1074	2354	2962	-538	185	1199
	19482	-3068	2282	-2583	1326	0	-2470
	19517	-1471	-620	248	-5	0	3113
	19552	-983	2347	-2656	3189	0	2129
	19585	2312	544	958	729	0	-2311
	19619	-482	-486	-770	2532	0	516
	19660	378	1803	511	-3036	0	-1817
	19693	2037	-2586	-3256	-2961	0	-1799
	19728	1194	-1813	2162	1345	0	3004
	19763	10	2864	1760	3118	0	-2561
	19798	-1892	3230	1157	2852	0	-798
	19830	3170	-856	-1062	-2292	0	-244
	19865	-1206	428	1263	-1059	0	-38
	19900	-944	995	-2321	-1812	0	-1
	19935	3119	-1791	3190	-2016	0	-1
	19968	1574	-696	2706	2552	0	-1
	20000	3202	1734	-1216	-394	0	-1
	20035	1489	-1031	-3088	-351	0	-1
	20070	1579	-1424	-862	-2045	0	-1
	20109	-3203	1744	214	1699	0	-1
	20146	1284	-567	507	0	0	-1
	20180	1211	-2545	815	0	0	-1
	20213	1711	1153	-453	0	0	-1
	20248	-217	-464	2940	0	0	-1
	20281	-66	1639	-2596	0	0	-1
	20314	-3070	-1976	-2166	0	0	-1
	20348	-578	2973	3059	0	0	-1
	20381	822	-1349	-3112	0	0	-1
	20416	715	-1087	-1928	0	0	-1
	20449	1520	2315	507	0	0	-1
	20482	-304	1214	-2781	0	0	-1
	20516	784	726	1424	0	0	-1
	20549	2325	-1534	-3016	0	0	-1
	20584	-969	-1836	3144	0	0	-1
	20617	-471	461	2558	0	0	-1
	20649	820	-1184	2205	0	0	-1
	20684	2352	-2358	-2460	0	0	-1
	20723	-2274	1104	-2208	0	0	-1
	20756	2026	1986	1401	0	0	-1
	20789	-224	-2876	-2300	0	0	-1
	20824	1571	-2702	625	0	0	-1
	20856	-2047	-310	1007	0	0	-1
	20891	-3008	2096	-2680	0	0	-1
	20924	2732	920	3168	0	2572	-1
	20959	1473	2280	2031	0	1978	-1
	20992	-3156	1600	1011	0	2032	-1
	21037	2713	2689	-2715	0	1784	-1
	21069	-1316	-2079	-2554	0	718	-1
	21104	972	2471	-1548	0	-1309	-1
	21139	1102	-1710	1094	0	-420	-1
	21174	-2781	1440	599	0	-577	-1
	21207	1958	1836	-668	0	-35	-1
	21241	-1028	-1461	-806	0	-3154	-1
	21280	-854	-2892	74	0	-2880	-1
	21315	3080	-2166	-394	0	-2092	-1
	21348	-1934	-1569	-1118	0	-2025	-1
	21385	1629	-1857	-424	0	272	-1
	21417	59	-730	-176	0	2674	-1
	21452	2485	-436	911	0	1284	-1
	21485	2019	-2850	633	0	-955	-1
	21520	-668	-1289	-2962	0	1669	-1
	21555	-2376	996	971	0	2614	-1
	21587	-934	-2043	2726	0	1761	-1
	21622	546	-2378	-2366	0	1601	-1
	21657	1016	104	-3125	0	-1620	-1
	21692	604	-2886	2251	0	2069	-1
	21725	612	649	1640	0	-209	-1
	21760	3089	1887	-2888	0	-1911	-1
	21798	3052	-1210	3100	0	-1221	-1
	21833	-430	1155	-2169	0	-1424	-1
	21868	-466	-121	747	0	-239	-1
	21901	2878	-2898	24	0	-1	-1
	21936	-1157	-2240	1120	0	-106	-1
	21970	1218	2554	1082	0	-1	-1
	22007	411	84	558	0	-2083	-1
	22042	-3213	1850	2600	0	-1465	-1
	22075	1083	3204	-3020	0	-1	-1
	22110	-555	1657	750	0	-1	-1
	22142	1423	-1099	-1932	0	-1	-1
	22177	-2996	-1082	83	0	-1	-1
	22210	2799	680	3206	0	-1	-1
	22243	-1223	313	1932	0	-1	-1
	22278	-3071	-1505	-1763	0	-1	-1
	22310	1958	1786	-1780	0	-1	-1
	22349	1790	-1378	1902	0	-1	-1
	22382	2594	-2846	759	0	-1	-263
	22417	-2261	1035	-2437	0	-1	-1
	22452	2848	-1660	-2724	0	-1	-1
	22484	1556	454	3010	0	-1	-1
	22517	-54	1650	3168	0	-1	-1
	22552	1075	2412	360	0	-1	-1
	22585	2373	2773	-3089	0	-1	-1
	22620	-702	452	1201	0	-1	-1
	22652	-2228	1392	326	0	-1	-1
	22685	-2780	710	2211	0	-1	-1
	22720	2563	1634	2233	0	-1	-1
	22753	-2300	1823	2538	0	-1	-1
	22788	246	1087	3120	0	-1	-1
	22820	2525	-234	615	22	-1	-667
	22855	2784	2799	-3025	0	-1	-500
	22892	-3069	-1563	-2542	0	-1	-50
	22927	-2190	952	1856	0	-1	-1
	22960	-1642	2249	1411	0	-1	-1
	22994	-2819	-3062	2914	0	-1	-1
	23027	-2612	887	-1136	0	-1	-1
	23060	3023	-2995	-1702	0	-1	-1
	23101	-374	2721	-1818	0	-1	-1
	23136	278	-352	-729	0	-1	-300
	23173	1612	-243	856	770	2883	362
	23207	3011	-2866	251	-2156	2542	835
	23242	-2369	-1152	919	-1360	-1680	0
	23277	185	-5	-1569	-2415	3263	0
	23310	-2681	815	-1964	3204	-2969	0
	23345	2376	-848	-787	2798	-1484	0
	23379	2808	1291	-1934	566	993	0
	23418	1132	1340	815	-2765	-3181	0
	23453	-408	1949	-41	-1007	170	0
	23486	-1478	1483	1557	-1475	2715	0
	23521	353	516	2747	1388	-3125	0
	23556	-3010	2597	-1849	-2983	-3265	0
	23590	-3145	788	1347	370	1565	0
	23623	1225	870	2257	2353	-1540	0
	23658	-616	-1700	2712	-1126	-152	0
	23693	-1658	1994	2328	3051	1809	0
	23728	2467	424	-3224	887	2322	0
	23760	1873	-2385	-2219	-224	2223	0
	23797	2119	2018	-303	-2087	645	0
	23830	-3145	-712	-75	-1712	1498	0
	23865	1499	1528	1367	-989	-1766	0
	23900	777	2176	2065	-1762	75	0
	23943	-430	-210	2625	-637	0	0
	23977	-2061	3116	-1319	1364	0	0
	24012	2347	-34	-33	-2190	0	0
	24045	718	887	-1412	354	0	0
	24080	-24	3098	254	1127	0	0
	24113	1336	1500	2336	1712	0	0
	24147	1231	-1529	-313	646	0	0
	24182	-1618	2461	-3031	-1290	3226	0
	24215	-1860	-62	1663	1852	2976	0
	24250	2632	-3044	-2901	-1285	-2686	379
	24285	-75	-2280	-2474	-1977	2324	2661
	24320	2320	775	2576	3127	2279	1823
	24352	2128	-84	-496	2098	2346	484
	24387	-240	2484	1316	1007	-2791	-38
	24426	-2100	-464	-2763	-1144	-2554	-2175
	24461	-204	2027	316	11	1825	-1353
	24494	-1460	1660	-152	2803	-694	1073
	24528	-3254	632	-1472	-2654	-2749	2063
	24563	-3000	-2927	-887	-2234	1253	48
	24598	1427	-1209	169	65	854	87
	24631	1082	2336	-2517	265	-535	-724
	24666	-950	687	-296	-1373	-851	-1555
	24698	-722	1482	-2363	3222	-670	-2394
	24733	-2312	738	314	745	-1503	2015
	24768	-120	886	1664	480	-290	2951
	24801	558	685	1324	1781	228	-879
	24836	-400	1067	3020	2927	-2943	1983
	24870	-3229	1337	-3041	-2876	-3126	-427
	24909	-2012	3155	1174	-146	1272	1966
	24944	-374	756	661	804	3012	2202
	24979	2264	1082	-93	1634	-1514	592
	25012	2132	2898	-748	1929	805	-2216
	25047	-2533	-1908	-983	1442	2970	-1164
	25079	-64	-1544	902	-456	2853	1087
	25114	-323	3182	849	-383	-938	-1734
	25149	765	1255	-2862	2374	-2437	-1
	25184	3101	-3210	-2849	-997	996	-1677
	25223	-734	3059	2954	-2725	-2033	-1001
	25257	771	-2481	2963	168	1560	105
	25292	806	-1572	2140	25	1105	3159
	25331	-2717	2416	-33	2597	-1174	370
	25370	1204	-2406	-1370	-2109	358	2329
	25405	2977	-1723	-2154	-409	-1504	-1507
	25440	-1486	-2950	-255	2275	-2517	961
	25475	-388	-2608	332	-560	0	-1084
	25509	1873	1559	2086	-2538	850	2885
	25544	90	940	1952	3118	2195	-3040
	25577	-152	2936	746	-1343	383	-1764
	25612	2895	-1848	1743	-897	0	2648
	25647	-37	-462	2370	768	0	870
	25681	1432	2673	-721	1369	-2532	598
	25716	2910	2544	1781	1832	-2254	-859
	25749	-3023	2358	-53	-1268	-2314	-704
	25784	56	-2739	372	811	-2535	2236
	25825	2261	301	-1630	2521	-2147	1392
	25864	390	2395	1733	1586	3014	-1739
	25899	-1752	1380	3098	-2069	1258	1147
	25933	144	2348	-1436	-1038	1037	2344
	25968	1595	-1658	-74	-589	0	325
	26001	1091	-3094	321	1059	0	258
	26036	1395	2946	-1238	-979	0	0
	26071	777	2668	2329	1682	104	2785
	26105	-244	-3229	-2661	491	422	-301
	26138	-2737	-2061	157	1108	2997	1627
	26173	-1950	-1608	1161	30	-2317	1917
	26208	-1761	-1690	-424	13	-2796	1638
	26243	-53	-1843	-1832	592	266	-537
	26277	292	-1692	1440	955	-3079	1930
	26312	2256	1448	-1781	-418	0	1871
	26351	-2720	-3004	2513	-2567	0	0
	26386	-1306	-2179	101	-1265	0	908
	26419	650	1301	-3106	431	3217	319
	26454	-3093	722	-1008	-407	217	-545
	26488	3170	1134	-1528	81	-645	-979
	26521	2244	1110	-1792	916	-537	-1704
	26556	3193	1940	-1707	760	-186	-1032
	26591	-2053	-53	384	-2663	-1446	3015
	26626	-2443	110	-274	-3260	-2371	-1686
	26658	-2412	872	-673	738	0	-1015
	26693	1499	1049	3010	501	0	674
	26726	3134	539	-1539	-1808	-3234	1758
	26761	-784	-1576	1098	2597	-181	477
	26800	504	-1157	-253	1059	-3229	-2390
	26834	-2412	2689	2525	-2517	-354	2610
	26869	-1708	-2147	-624	861	-815	-1791
	26904	-2354	-3112	2355	-1497	289	-1703
	26937	-2199	-1064	1577	2288	-2363	742
	26972	1259	-1313	574	-293	601	377
	27006	-821	1926	1463	-153	-91	-2725
	27041	-869	2535	-228	500	-2712	1321
	27074	-2189	-1981	586	-3105	-71	2286
	27109	-723	145	-682	3062	864	366
	27144	-1304	616	-2007	2442	0	-1788
	27176	-491	22	2448	346	0	2893
	27211	2021	1922	-3114	-1315	-3088	-756
	27244	626	2832	1974	-1308	-1632	-2981
	27285	1732	-2972	2908	-684	-1876	2148
	27324	742	-529	-1297	-3	412	-1937
	27359	2167	-704	1908	-1071	1095	2028
	27392	701	-977	-248	-3117	2115	1857
	27426	1003	-392	-578	-3242	-1699	-2763
	27465	434	-3179	-2159	664	-2669	-2780
	27500	179	-2708	-1712	-2561	-2685	-2258
	27535	257	-137	-1913	2200	731	-506
	27570	1832	-3176	1108	-1007	986	759
	27604	-1970	1542	1030	-2832	3041	-301
	27639	-978	2142	-2477	-866	-620	-1236
	27674	2724	-401	-1883	-2572	0	-29
	27709	-2642	-2013	-431	2865	0	1328
	27752	-363	-1238	2301	1630	-2675	-2660
	27787	320	-1439	-1304	-956	-1090	396
	27822	-2482	-1408	525	-127	-3219	-1308
	27856	-1685	-1077	919	-2749	2460	-822
	27891	2748	-2707	1904	1951	1912	1848
	27926	537	-758	-3199	-3022	-1862	-83
	27961	-2411	-490	-2874	2809	-2740	-1573
	27996	-70	1084	-2948	-2295	-1378	1179
	28030	166	2870	2712	103	526	436
	28063	3234	-2118	760	1499	41	733
	28098	2684	-2422	2232	-1361	-1922	518
	28133	-2752	-2183	187	2995	-678	1077
	28168	-151	-1669	826	2800	-1670	1454
	28207	51	2808	2062	-557	2297	-1750
	28241	3178	-427	1322	-1776	559	635
	28276	-1219	502	2139	242	0	2286
	28311	323	141	386	2534	0	-2389
	28344	787	-35	1427	-1346	2261	2976
	28381	-2110	-1804	-750	46	2103	1156
	28413	-1336	-2521	-2788	750	-954	1326
	28448	-810	-2568	763	-1781	-1364	1749
	28483	1022	-365	-1408	2642	-1057	-1924
	28518	276	-711	-266	2786	1762	-974
	28553	-1313	-41	1095	1701	1304	120
	28585	2067	65	-994	1395	-1271	2002
	28620	456	-2884	-1389	-1063	500	30
	28655	-2253	1895	-1624	-1774	1180	220
	28694	2005	-2055	-2495	-3263	1192	3057
	28727	2830	-2746	-2032	2827	385	1135
	28764	1843	1533	-112	73	0	3188
	28796	-1062	-216	790	740	2792	-2005
	28831	808	-6	276	1471	-699	-1258
	28864	788	2306	-90	-1367	3098	-815
	28899	-1567	1029	81	-955	356	-1165
	28934	-3202	1015	3171	1006	2306	-1899
	28966	-3232	-2664	60	-1908	-3231	428
	29001	2472	-187	2270	-2995	-1232	-1091
	29036	-2238	-3113	-1532	2238	-1858	1571
	29071	-3174	2580	160	1012	2727	3237
	29104	-86	2264	548	-464	-2322	253
	29143	1940	449	-2314	-388	1382	-1250
	29177	-690	2385	688	-1014	405	69
	29212	-2657	2156	2720	1744	-87	-213
	29245	-344	2375	-140	-2756	-1521	-859
	29280	-3017	115	1117	379	2830	-2917
	29315	1062	197	1998	1954	-3125	-2087
	29349	1127	1326	-2651	-1027	-2559	-224
	29382	86	-1512	1496	-1011	0	-3232
	29423	2066	-1645	1910	2521	0	1530
	29458	2507	2309	1488	-2360	0	-813
	29491	1652	2229	1593	-2578	-931	3207
	29526	980	-3126	858	1014	2232	358
	29558	-2476	-492	457	2719	3153	-1940
	29593	-321	1946	-1107	2824	-1896	1403
	29638	2904	2953	523	-1045	878	-25
	29675	807	3256	-953	293	-394	-1150
	29712	1807	-3059	-597	1041	-212	-1793
	29745	-2398	2378	2762	-1114	-2584	1156
	29779	794	833	-638	-2922	-1025	-1997
	29814	2863	1471	-1575	2344	-3200	373
	29849	2403	2754	1306	-874	-1391	3257
	29884	-2009	1025	2579	-551	447	3016
	29919	-1678	3057	-3268	-1643	0	1260
	29954	526	2376	-1361	1980	1727	-1534
	29988	-871	1400	-2946	645	-2552	-3133
	30023	1583	-2454	660	3249	-2300	957
	30056	2215	-2690	1192	-2624	2576	2204
	30097	1059	-369	1748	2168	-2583	264
	30132	-136	-2852	329	-2237	2917	-2665
	30167	2202	-2467	-384	2481	2348	3163
	30199	2324	1832	3208	-2648	360	2287
	30234	2760	2100	-3125	1875	-907	-225
	30269	1373	538	-2378	2413	-2249	1322
	30304	753	1889	-2485	-2423	-1894	1093
	30339	-1465	1888	-1095	75	-37	1952
	30373	-674	3071	2199	-1610	-942	1648
	30408	-378	-3097	2138	1343	-1594	-1294
	30443	425	2684	2344	1779	-903	2550
	30478	1594	-2866	1728	-1874	-1567	-855
	30513	-1062	2718	-387	-1726	-566	2007
	30566	180	2071	-198	-2452	566	-443
	30603	240	-3202	578	1303	-2846	2211
	30640	-91	2249	823	1409	607	2470
	30679	2269	-2520	-417	-541	-3201	1652
	30715	1095	2302	581	-1069	970	-296
	30752	1552	1804	-262	-3050	-2688	-1660
	30789	1499	1968	1251	-2013	3043	-492
	30828	2790	2021	-899	906	315	-728
	30865	-504	1445	-2701	1943	-222	1058
	30902	-1014	2048	-468	-2156	186	-252
	30939	-2327	1660	850	-1841	-391	-2369
	30976	-1193	1982	-574	-2282	-89	-2536
	31014	540	3205	1162	3050	735	116
	31055	2802	2483	-2965	-714	1354	-911
	31092	3153	3055	-1198	2912	761	2570
	31131	1099	2863	-3001	-1204	1765	-2722
	31168	-3270	-110	-2048	-1852	-1551	1755
	31205	785	-1696	-1872	-1988	-1343	2337
	31242	-378	-1928	376	-1019	1997	-1722
	31281	-1247	-2570	-2334	-945	-617	-1196
	31318	1981	1965	-2162	-2601	1248	-1962
	31354	-1678	2946	1125	-259	1744	-1145
	31391	-1489	-2349	-241	-870	-2916	2830
	31430	-2754	-538	861	-3246	273	249
	31467	827	3194	1842	-2188	3206	-1785
	31504	838	-1411	-1403	1265	-2990	829
	31547	1589	-1082	305	1254	2366	-1929
	31584	2124	639	871	1494	-1904	1607
	31627	620	3097	1020	1953	1294	2670
	31670	570	-3170	-620	104	-591	477
	31707	-2730	2659	-2481	-2296	32	-1377
	31744	-1246	-2065	3262	3188	2536	3150
	31780	-1597	-1180	-530	886	2155	1100
	31817	-2408	-1032	-703	-2017	-1640	-1237
	31856	-2022	-3160	-130	1579	2418	-2407
	31893	-1957	-1208	-1188	2738	725	2774
	31936	-250	-1729	1120	-2439	-1197	615
	31973	358	-1476	-1340	-715	-2581	1754
	32012	-2202	-2513	-505	1929	1492	-769
	32053	-301	-2548	-305	-786	1573	2864
	32092	-3237	2750	2057	499	3213	-1240
	32129	2050	-842	258	67	2444	3125
	32165	-2794	2234	-133	-2290	2818	-1348
	32204	-1971	-593	-362	1954	-441	-2605
	32241	-3141	-3098	2351	1948	1851	3069
	32280	1579	-1924	-1458	1815	915	-1772
	32317	2658	-1537	405	-697	-1444	1604
	32356	1478	2734	656	2182	-3125	-2376
	32393	764	2594	3142	-3157	-3191	-2405
	32430	2123	1212	-361	1851	550	-1561
	32468	528	826	-3045	2769	-1587	2102
	32505	2066	1761	-3141	-2521	-795	-816
	32548	353	1521	-1405	-248	-1983	3203
	32587	3200	-1713	-172	2329	-2520	-52
	32624	1713	-1343	3178	-2459	3236	-1548
	32661	2885	676	-747	-679	-1369	2851
	32700	1322	-1678	2804	580	2053	1973
	32737	172	2159	-2716	-2372	-543	63
	32776	862	-2678	-596	-2598	3218	1958
	32813	809	-3073	-211	2401	-2204	2133
	32849	555	-2087	-2714	-1160	-1296	-2153
	32888	1898	-1883	-1073	1116	1812	-3154
	32927	2375	338	-2706	2735	-3189	10
	32964	1438	-2945	-2879	2838	379	-99
	33001	2046	2818	-1192	-411	2900	-1499
	33044	1240	-450	-908	719	1358	1763
	33081	-2172	-2313	-1830	-2579	-1391	530
	33120	1944	-204	-2394	-3234	-2177	2873
	33157	-3181	-1156	-1297	-1261	-1578	948
	33193	2442	-2202	-3050	-2162	2996	1639
	33232	-2679	-2698	2200	737	-2574	718
	33269	3176	-1637	-1579	-638	-164	905
	33306	-2406	-2962	3271	-1162	-882	478
	33343	-2363	-404	-2156	-2075	2403	712
	33382	-2155	-672	-2053	-694	1421	2329
	33419	2216	-1074	-596	3276	-3238	288
	33456	2937	2480	-3018	1395	-1229	2992
	33495	1968	-3200	-1672	-2469	-2004	-328
	33536	-1571	-2782	-1358	1174	-1195	2540
	33572	-3105	-2285	-1048	3119	2302	-1900
	33611	3209	-2776	-341	-2099	2551	-3058
	33648	-3185	-3043	35	-1427	1370	-129
	33685	-2222	-2746	-62	758	1166	-2395
	33724	-2740	-2963	-697	-526	-46	858
	33765	-2206	2613	-1249	1275	-792	92
	33802	-2550	1554	-226	2829	1819	-3088
	33839	502	-1692	-2009	-503	-109	1622
	33878	-2753	734	-247	-3001	-1770	2086
	33914	-1219	-3049	-1664	297	-954	802
	33957	-1684	2674	-537	-2	1372	355
	33994	-1970	3124	-595	2198	927	896
	34037	-733	2973	2609	-283	-1729	1091
	34074	-3000	1478	-50	-2049	-3094	-1557
	34111	-13	-2297	-2271	-1142	-1809	903
	34148	-1801	1599	126	-947	-203	-572
	34185	-2415	-3226	782	-731	736	232
	34224	732	-2024	-2563	938	-1692	-996
	34265	-2683	2546	1010	292	2677	-2043
	34304	-2065	1805	-1396	-275	1398	-918
	34340	-3244	2706	-787	-1264	2526	-1609
	34379	-2378	-2917	-359	-1350	-2408	-1148
	34416	-2420	-3109	-752	-274	1325	-2254
	34455	-2009	-3230	-670	-747	2539	-2537
	34492	-2966	1332	-518	1615	-1684	-2766
	34535	1192	1048	-1068	-1983	-554	981
	34572	-2385	2592	500	-2144	2880	-830
	34611	-3144	-3055	670	-53	-1425	1767
	34650	-1156	-2260	-789	217	915	-2651
	34686	1906	1081	-704	2137	-1328	-736
	34723	1528	51	-939	-475	2414	-527
	34760	3082	2505	743	1159	1618	1599
	34799	-3262	3214	-260	-686	1856	1877
	34836	38	-1448	-1868	696	-206	-1047
	34875	1747	1426	-464	1238	-1500	-404
	34912	-2730	2866	-727	461	102	-428
	34951	1396	980	1593	1508	-359	1998
	34988	-1398	3042	-2021	-1017	1806	1149
	35031	3070	-2991	-38	-1033	796	-367
	35067	-1700	-2914	-2162	-1122	930	-2570
	35106	-122	-445	1542	931	-1255	-1976
	35143	-3183	2624	-1018	-2840	-3199	337
	35180	-2485	3217	-725	464	-533	251
	35219	-3014	-2475	-491	-1046	1813	-800
	35258	-904	-2566	-640	2452	3162	3242
	35295	1897	626	-371	963	-1364	-2839
	35332	1791	1014	-293	1813	3042	760
	35368	1843	1266	870	-1168	2162	554
	35407	-1508	-2136	-1375	-871	1523	276
	35444	1543	1984	123	391	-184	-234
	35481	2910	3152	-1612	-2096	1787	-1159
	35524	1066	1417	1678	-437	147	-127
	35561	-2912	-3132	-1210	-849	1440	-202
	35598	-3208	-3234	-1120	523	-771	-63
	35635	2440	2537	28	1118	-738	-291
	35674	-1908	-3103	-882	746	-221	-1832
	35710	748	1224	1074	2243	-1220	548
	35747	3099	1489	-1056	-10	1420	731
	35784	-2522	-2754	-409	-110	584	-289
	35823	2341	-2865	135	-112	1760	-748
	35864	1924	1534	-1585	180	-74	-56
	35901	2216	2701	-634	-2440	1633	-2017
	35938	1404	1520	1150	-366	-1239	-1400
	35977	1418	1844	952	-2765	3085	57
	36014	2334	1925	400	143	1137	1077
	36055	-2134	-1646	-2478	-230	1151	1476
	36091	-3092	-2314	-219	2165	-1998	-497
	36130	1923	2460	198	2502	-1115	1661
	36167	667	94	1430	-2171	-2909	2517
	36204	-1718	-2803	-866	-21	1612	788
	36247	2351	2495	-1047	1257	-1703	-651
	36286	3053	3008	-1206	-393	1391	-187
	36323	2606	2426	-1716	-295	-1331	-1668
