30	-10216	4784	10224	88	17	-2332
	71	-10664	5308	11412	-1074	618	-3450
	92	-11056	4788	11296	-1081	694	-4131
	114	-11644	3028	10676	-1710	1322	-5502
	141	-10252	4452	10812	-2067	1262	-3374
	163	-11272	4168	10768	-2059	422	-3790
	184	-11688	4760	11244	-1080	905	-2005
	206	-10464	3376	10184	-1861	975	-2428
	229	-12224	2808	10692	-1783	871	-1803
	251	-11440	3288	10604	-932	949	-1741
	272	-11008	3832	10732	73	663	-1697
	294	-9956	3996	10344	1062	10	-785
	317	-11836	1720	10480	600	-741	477
	339	-11204	5952	10428	290	-701	934
	366	-11084	3452	10600	798	-321	-231
	387	-11916	3404	10908	1012	462	-21
	409	-10940	4300	10420	1037	1280	-650
	432	-11856	3676	10676	1761	296	-548
	454	-12428	3792	11068	833	288	-1183
	475	-12300	3968	11244	1191	1280	-1161
	497	-11616	3404	9732	814	1840	-937
	520	-11268	4300	10856	350	1188	-1132
	540	-11784	2924	10448	1383	881	-884
	563	-12240	2596	10188	559	691	-1798
	585	-11564	3012	9956	-276	437	-1822
	608	-11484	4384	9888	59	-285	-620
	628	-12056	3444	10068	1386	149	-55
	657	-11628	4036	10812	1690	1331	-751
	677	-11532	3096	10060	1533	449	-311
	700	-11908	4304	10656	1436	129	552
	722	-11412	3720	9936	2224	-345	654
	745	-12444	2480	10336	885	720	-416
	765	-11888	3280	9860	-158	1194	-519
	788	-11464	3484	9552	278	-233	145
	808	-12496	2512	9572	-555	70	-657
	831	-12340	3928	10356	-762	1344	-1220
	851	-7076	5412	7584	-8567	13768	-6191
	878	-7120	9148	12884	-866	2088	2006
	901	-12352	2576	9648	866	-1245	-550
	921	-12720	3068	10120	-1993	847	-1158
	944	-11596	3820	9668	-3169	199	61
	970	-11212	4024	10456	-1472	432	-157
	991	-12080	3708	10584	919	399	-860
	1013	-12560	2588	10012	1253	638	-746
	1034	-11884	3444	9552	-1299	471	-843
	1056	-11600	3300	9268	-928	-506	-99
	1077	-12916	1988	9460	-1543	-591	-929
	1099	-12928	3132	10844	-1113	-78	-1194
	1122	-12432	2848	10168	-2978	413	-1272
	1142	-11688	3544	10320	-2199	61	-405
	1165	-12356	3308	10708	292	-579	202
	1185	-11644	2588	10360	934	-358	477
	1208	-12656	2020	10788	-305	1057	-49
	1228	-12468	1892	9952	-1250	1518	-41
	1261	-11604	2708	9756	-377	-277	1908
	1284	-11000	1512	9180	-1570	-1427	3237
	1304	-13504	2528	7844	-2404	-2038	2979
	1327	-12284	984	9356	-2402	-3068	2931
	1349	-10240	3456	9232	991	-5276	4890
	1370	-9476	6072	12420	7012	-9356	7026
	1392	-13808	5908	13360	12381	-11201	9778
	1413	-10056	3420	12444	15232	-11387	10452
	1435	-12432	3520	8532	12403	-6801	12040
	1458	-8636	7668	11764	7661	-8249	10448
	1480	-8472	8216	12532	11485	-9257	11284
	1501	-10004	7112	10640	10773	-10562	16796
	1533	-7316	9500	11644	5018	-11302	18059
	1556	-7468	9520	10692	5426	-9129	14071
	1576	-3752	7532	9992	6629	-6232	12370
	1599	-5688	9652	10500	7412	-4934	6595
	1622	-5236	9548	9980	4220	-5969	7312
	1644	-5224	10464	10664	2227	-8050	7514
	1665	-5416	11668	11100	2555	-8365	10410
	1687	-4092	11972	12356	4461	-8168	9335
	1710	-4232	12232	11356	6803	-7169	10082
	1732	-3068	9332	10500	4167	-5734	9273
	1755	-3332	12904	11496	4751	-3433	8240
	1777	1156	11420	10804	6045	-3340	8099
	1800	-180	11588	11736	3008	-7041	4576
	1826	-324	10636	8712	5036	-6180	7437
	1847	-2624	14016	11832	4968	-6256	7886
	1871	2080	13844	12124	8417	-7546	13693
	1892	2676	11884	12064	10364	-11124	13331
	1914	-536	13820	13420	11455	-12294	12691
	1937	660	9592	11032	5324	-7253	7000
	1959	1580	14980	11208	6280	-5747	9186
	1982	4200	17072	11768	11757	-5749	7850
	2002	6068	17208	8016	21606	-8162	10972
	2025	3940	10388	5360	22670	-6191	10149
	2048	2912	8512	5164	8128	-2082	1499
	2070	3288	10560	3716	-321	4833	402
	2091	6648	13740	2048	-4870	4699	-2751
	2123	4444	16524	4856	-2239	2983	100
	2146	6844	22724	6356	13137	-2626	7083
	2168	2620	14132	5308	23237	-4936	11582
	2189	4600	15740	3284	26948	-3113	15770
	2211	5516	10784	-1672	22558	-1525	15487
	2234	6368	12060	-1184	13139	1975	9992
	2254	7592	12940	716	6074	5921	6695
	2277	13816	14520	1044	12588	-1195	8091
	2297	4724	15144	-1592	11429	1147	8700
	2320	9588	13388	-456	9595	7087	10142
	2342	9432	14036	-600	7733	9062	7613
	2363	13004	13312	-164	5236	8435	4798
	2385	12456	11704	-2072	1710	6224	-1738
	2412	9940	14768	232	-3877	5895	-6433
	2433	7468	17272	2436	-2822	5047	4338
	2455	8132	9992	-840	-2924	5780	9358
	2478	12020	11028	24	-5322	7661	3534
	2498	12236	12132	1776	-5469	6501	1370
	2521	10664	13256	1772	-4212	9205	-5256
	2541	10896	14640	2552	-3302	8147	-5187
	2564	12016	11580	1236	-2995	6170	-7020
	2586	10196	13960	3824	-1832	4201	-11119
	2607	6692	14644	2396	-218	2107	-5431
	2635	8700	12160	1616	-1447	3860	-3697
	2656	8384	12300	2452	-1843	2585	-7801
	2682	8468	13004	1776	-2972	2567	-10035
	2705	6996	15584	3724	-2928	622	-7776
	2725	8528	15204	3492	-1700	-1321	-4823
	2748	7540	13168	1452	-2269	-2094	-5465
	2770	8036	14332	2432	-3522	-1299	-6328
	2791	7668	15372	4460	-3180	-2332	-5872
	2813	5472	15352	4892	-1519	-3867	-3596
	2836	2564	12016	-2296	1034	-3396	-4116
	2856	5712	14744	4656	-1817	-1712	-2076
	2879	6520	14808	4460	-2784	-2087	-3628
	2899	4152	15376	4648	-1684	-3763	-1715
	2928	3288	12676	5784	-458	-3248	-893
	2949	4336	12680	3260	-2724	-458	-2818
	2975	7520	15400	7156	-4367	641	-3402
	2998	6280	18688	8080	-1119	-2924	-1580
	3020	4872	15132	5384	116	-3448	34
	3043	4180	13144	2700	-1612	-2117	-204
	3063	5100	14440	4380	-4609	-318	-5282
	3086	4712	16040	5640	-3346	-1197	-4485
	3108	5048	13688	3736	-3092	-442	-4300
	3131	4792	14856	4376	-4132	-1209	-4117
	3151	4484	15388	5344	-3620	-1271	-4580
	3176	3612	14952	5584	-3106	-1134	-3989
	3196	3304	14636	5596	-3773	-1428	-4016
	3219	4220	14580	6188	-4356	-1756	-3585
	3241	4296	14320	5504	-1182	-131	-2310
	3268	3360	14768	6752	-2618	-894	-1438
	3291	2980	14880	6992	-1634	-1525	145
	3313	3332	13868	5952	-1702	-1670	192
	3334	3060	13224	6396	-3864	-2846	-773
	3360	2112	13868	7216	-4953	-1758	-205
	3383	3148	14772	7668	-2384	-811	229
	3405	3772	14144	7120	-973	-1189	493
	3426	3004	13552	6708	-1039	-370	-63
	3448	5248	13412	8296	6531	-504	-2873
	3471	3368	13940	7528	2588	678	-355
	3491	4520	14396	7392	913	19	472
	3514	4280	14780	7140	463	-345	789
	3536	3444	12656	5728	-48	117	740
	3563	3404	14632	6796	-1455	790	769
	3584	3584	14164	6732	-1591	92	2051
	3606	5160	14336	6512	-859	394	368
	3627	4884	13888	6424	-744	-456	-282
	3649	4992	15044	5204	-1603	-410	-676
	3670	4856	15156	6628	-1301	-54	-414
	3692	4744	13108	4632	-2147	-547	-856
	3715	4220	15360	7080	-2579	-2423	-1497
	3735	2900	13816	6796	-1327	-2266	-654
	3758	2872	13512	6536	-1997	-975	-1011
	3778	4956	15172	8108	-209	-854	-2340
	3801	3976	15828	8376	2526	-540	-2463
	3821	3624	14776	6884	761	-883	64
	3844	4564	13536	5464	-241	110	-687
	3870	4416	14108	6076	-1477	-734	-854
	3891	4088	15148	6188	-1143	-653	-290
	3913	3864	17040	8116	531	859	-219
	3934	4112	14184	7488	354	151	433
	3956	2980	12460	5308	378	-3308	3259
	3983	3532	14440	7188	-1030	-2616	1934
	4005	1880	13860	5820	-1403	-800	928
	4026	13296	13728	13908	4916	-5688	473
	4048	6880	10792	-416	2363	946	-943
	4069	5904	16088	8292	-539	-308	-750
	4091	3676	14196	7652	-1633	-1199	690
	4112	4156	14572	7588	-1148	-465	611
	4134	5300	13964	7168	214	-1230	222
	4161	3756	13448	6520	429	-938	644
	4182	4584	13640	6468	-1201	-1583	120
	4204	7052	15372	9032	310	-1788	-1872
	4225	5100	14212	7160	-1389	-3573	1180
	4247	3952	13940	7956	-717	-3361	960
	4268	13524	27448	25092	1633	2312	2653
	4294	3988	12396	7192	-345	2642	-1887
	4317	4656	14288	7492	-374	1931	-2872
	4339	3020	13620	5840	-213	2647	-1465
	4360	-536	14256	6956	-3635	857	-76
	4382	6480	19896	6908	-2298	-1161	-1068
	4405	1412	11844	5532	-4176	634	192
	4427	2776	13088	6196	-5108	1318	497
	4454	6192	14832	10052	-5076	-77	-74
	4476	6020	13968	8216	-1733	1503	690
	4497	5424	14620	9640	-657	-513	1316
	4519	4328	13764	8444	57	-2304	1651
	4542	4992	14484	8872	1927	-736	484
	4569	6756	14676	6752	1883	-2311	-372
	4589	5720	14072	8332	2994	-5065	156
	4612	5632	12108	6736	2913	-8132	2158
	4634	7736	12680	7672	2410	-10619	1490
	4657	6504	10036	8804	-1102	-14475	2478
	4679	1788	14608	6912	-3895	-10042	3092
	4700	3804	14204	7092	-2848	-6132	3411
	4722	7372	12304	6480	-5827	-5899	5398
	4749	8460	13936	5732	-4907	-6876	4811
	4771	5804	13908	6172	-965	-6926	3897
	4794	4356	15188	4608	5049	-780	2154
	4816	8700	13100	8188	5510	-3083	686
	4837	7792	11876	7968	1619	-3772	1400
	4859	7044	12564	6468	-1381	1334	1118
	4882	9360	14276	6096	54	217	1613
	4904	9320	12648	4700	-3369	-9940	-5050
	4925	6816	11484	7048	-58	-383	-3620
	4947	10272	13080	6560	-49	-467	-1937
	4970	7328	12004	6352	-281	-2780	-103
	4990	8144	11592	5900	-1777	-1177	-613
	5013	8596	11616	5728	-2810	-2488	-979
	5033	2812	14424	6732	-2930	-2442	-2551
	5060	8476	13000	6188	1390	28	-2673
	5083	10420	14112	6980	879	-7628	-76
	5103	9376	12972	7264	960	-5422	-2109
	5126	6152	13096	5176	-53	-3063	-2427
	5146	6796	13280	4164	313	954	-2387
	5169	11364	13536	6780	614	-815	-1544
	5191	10896	15284	7756	869	-5151	-2040
	5212	6196	13252	5780	299	-2104	-1528
	5234	7224	15052	6620	1062	228	-751
	5255	6436	13896	6044	1233	1334	-1066
	5277	7872	12772	6248	1634	-424	-1844
	5298	6920	13040	5584	2002	-1611	-1657
	5326	6972	13600	4664	2537	-1663	-1028
	5353	6632	12512	4644	2056	-2314	170
	5373	11560	13808	6252	2245	-8146	-1434
	5396	8992	12984	6268	3080	-4061	-1574
	5419	6892	13576	4864	1264	-1750	-755
	5439	8300	14088	4496	-29	1968	547
	5459	8616	14316	4588	376	-1978	-323
	5482	13972	12528	1292	663	-11936	-3840
	5505	3940	13532	4136	3127	-7129	-2393
	5525	7680	12180	5224	2322	-6194	-2390
	5548	3376	12840	4544	3218	-6984	-2560
	5568	7120	12404	4252	3905	-7693	-2620
	5591	8108	15792	3276	3601	-4836	-3671
	5613	20712	18000	6288	5111	-4696	-5016
	5640	7248	14064	1672	4263	-11298	-2558
	5660	3920	13404	52	4699	-10762	-4532
	5687	5244	14220	2752	2617	-3696	-3371
	5709	7032	15052	2616	1031	-3016	-1300
	5732	7132	14684	1864	739	-5924	-320
	5752	6536	13900	188	1585	-9337	-1746
	5775	6836	14300	-2224	1460	-5090	-3298
	5801	6784	15292	724	-412	-1351	-1966
	5824	7408	14760	1440	-1568	-4717	-884
	5844	6264	14580	1016	-813	-9037	-1727
	5867	5468	14908	-1568	-341	-7869	-3173
	5890	3688	14920	104	-245	-4293	-1289
	5912	5664	14160	-324	-1268	-8910	1179
	5939	10360	15028	-3216	-1191	-15487	-322
	5961	7744	19472	-3400	866	-16841	-6392
	5984	8640	18940	-1652	2048	-21343	-8211
	6006	1348	17492	-632	1218	-17345	-4906
	6029	4836	14692	-320	-1095	-8560	-1579
	6049	5600	15124	1332	-3287	-7758	-2866
	6072	5232	15308	1280	-2200	-7220	-3041
	6094	4452	15068	1380	-659	-5447	-3672
	6117	7012	13656	-1508	-2443	-4957	-3930
	6139	3520	13636	-84	-6640	-4623	-2079
	6160	4688	15288	-492	-6015	132	2433
	6182	4400	15412	-2916	-5114	-1318	2352
	6211	3844	15864	-2792	-3902	230	1796
	6232	1428	16028	-2844	-786	-655	1480
	6254	3148	14696	-512	1645	-2041	581
	6277	6428	15244	-136	1146	-3600	515
	6299	5612	15960	-700	-95	-2909	988
	6320	5340	15552	-308	612	-5047	527
	6342	5528	16772	-872	1204	-3977	-1592
	6363	8504	16176	204	-779	-7197	-2051
	6385	-3796	20776	-1580	167	-11313	-1561
	6408	-2312	16488	-7192	-5148	-4630	-4183
	6428	-32768	32767	-27456	-27590	32767	23014
	6451	2260	21192	3604	1675	-11163	-5501
	6473	5484	13148	-156	-552	-7559	-3764
	6500	2392	15768	-2560	-520	-2179	-2107
	6520	3732	15928	-804	1824	-324	-274
	6543	4112	14068	128	1749	1737	1585
	6565	4268	14116	96	2097	1197	524
	6586	4324	15492	-1964	3155	449	-955
	6606	7084	14520	-1664	958	25	-1204
	6629	2516	18168	-596	-1195	-1456	1949
	6651	4596	18352	-2292	-2805	1336	4452
	6678	11052	17864	3488	-5269	-8018	4883
	6701	4464	18060	-4368	-6581	-5215	587
	6721	15384	4552	436	-4754	-13627	-2330
	6744	1824	15336	-400	-2873	-22446	-8677
	6766	-2768	16372	-504	-1864	-5833	1855
	6793	3352	13236	3056	2162	7325	2747
	6813	6344	12584	2288	1880	-2978	-3505
	6836	3872	15512	-728	2467	-6888	-6397
	6856	5368	16348	260	4343	-4914	-7115
	6879	5436	14168	200	5050	-7212	-5045
	6901	-880	14620	-6616	1706	-6786	-5002
	6922	644	15608	-4368	1093	1109	-4574
	6944	1708	16940	-2068	2837	571	-4505
	6965	16172	15852	-12732	5623	21388	11092
	6987	-1464	17064	-7516	-1081	12280	3099
	7010	5776	14748	3216	-938	14632	5049
	7036	1048	17800	-796	379	1478	396
	7057	872	16188	-216	2004	5173	4039
	7088	11276	15888	-1448	-1716	12856	7267
	7110	-1612	19256	-3924	-1816	12943	7860
	7133	11888	16552	-2520	-2136	4066	3713
	7155	1780	17144	-2176	28	-3453	-1029
	7178	-648	15472	-3228	1930	4505	2020
	7198	5816	14216	-1484	136	9864	3832
	7221	2340	16204	196	-275	11145	5298
	7243	12780	14160	1636	-1561	4802	3850
	7266	-3060	19208	-2748	3779	2692	2749
	7286	6928	12916	1744	5657	894	3133
	7309	7420	13872	-2152	5315	-4283	-1417
	7331	6452	14876	-3760	1742	2821	-1070
	7354	7644	15764	-2092	-465	4981	-438
	7380	7572	14696	-2776	-2194	1786	1444
	7403	8936	15688	-5532	-5017	-655	-1172
	7426	17888	6236	8992	-2550	-26919	-10437
	7446	2292	17252	-1980	-1770	-32768	-20189
	7469	-292	20596	-740	1251	-32109	-8108
	7491	-3400	13112	200	-2154	-25354	-4502
	7514	-3684	13956	-408	-2414	-11518	920
	7536	4244	14244	4408	-2110	-10506	6570
	7559	6032	11528	5672	3050	-13995	-1289
	7579	4092	10708	-4124	-1222	-18269	-2403
	7604	4996	32767	-1764	-7464	-20301	2609
	7624	3156	14932	-7516	1645	-2347	-4079
	7653	7508	19280	-116	789	-3872	-4352
	7675	-5796	17100	-6420	4182	-6694	-4756
	7696	-2248	15036	-752	9574	-581	-1040
	7718	4240	13320	-840	8337	-196	-1706
	7741	2040	16100	-4276	3173	-2939	-1862
	7763	2392	16684	-6108	-939	-274	4489
	7784	4052	13788	-2496	-2709	-4185	4708
	7806	-988	16884	-6000	-8451	-7007	338
	7827	268	18572	-6732	-8383	-1940	-432
	7849	4208	16704	-3360	-8732	-981	2905
	7872	624	16068	-2464	-13323	-2964	4029
	7892	2852	18064	-920	-12576	-2666	1500
	7915	4208	18304	3180	-9818	-3642	1798
	7942	3580	16460	-716	-9548	-4833	1420
	7962	2564	18420	-2192	-8310	-1331	3295
	7985	1400	18532	-2332	-4675	679	2629
	8005	2416	19932	-340	-750	3812	5091
	8034	4508	12476	1036	-765	4512	10745
	8056	4380	15168	1204	-2022	3073	11412
	8077	5128	19524	4380	1031	1380	8310
	8099	10176	24492	1148	11783	-8424	4775
	8120	15124	18564	4668	16795	-32768	7185
	8142	-2584	10028	-2216	16730	-13901	6972
	8165	3764	8032	-220	6234	-11824	1814
	8185	2012	6420	-3612	-1451	-3501	1197
	8208	4944	11596	-420	-7164	-1818	629
	8235	5876	14044	2256	1286	-5606	-1615
	8255	14800	22816	-6724	-883	-6879	-5339
	8282	1760	13636	-3824	3575	-6450	-2079
	8304	6192	4908	-2856	-5992	-10928	-5384
	8327	3812	19792	-12728	-1679	-2055	-3858
	8347	5628	14432	-156	-4947	-5983	-4852
	8370	5784	17068	-3828	1725	-7451	2869
	8392	4532	20928	-6836	334	-2297	4029
	8413	2136	20696	-5580	1910	-4134	3713
	8435	7984	13264	-1212	753	-5208	3743
	8462	3836	14608	480	-6681	-6695	1401
	8482	2512	18048	-5344	-5994	-4127	318
	8509	5032	16792	-2440	2263	-1096	3612
	8531	1420	12120	-1076	223	-4065	4344
	8554	6596	2376	-16340	-2488	4435	-3105
	8577	4508	16340	6956	-10824	-26575	-10732
	8599	928	15480	-3532	-6844	-16367	-7140
	8620	404	19388	-6808	-7943	-11034	-3692
	8642	2924	19684	-3036	-4196	1030	1669
	8665	6104	13516	2972	-5845	-3083	2489
	8687	3340	16460	4352	-4980	-4113	-589
	8710	3304	15240	-868	-224	2494	-358
	8732	5408	15236	-800	1339	1608	652
	8753	6004	13168	8892	-6750	-15797	-3554
	8775	2440	17816	-1056	-1562	-4001	-6255
	8802	-23208	4572	32767	-13545	-32768	-24009
	8824	3464	18620	-432	1492	4533	3133
	8847	1116	12056	540	-3608	-11113	-2217
	8869	-2244	20372	916	-441	-5015	-3517
	8892	-272	15708	-1632	834	-219	-1916
	8912	1484	18024	-2616	579	2573	-232
	8935	4288	15452	-700	-245	1589	-719
	8957	1468	15860	-592	-798	1923	-2321
	8980	4180	12964	2084	-829	2390	-5756
	9000	4752	15184	916	-1686	357	-6665
	9023	2812	17124	248	108	-1608	-5162
	9046	4	17968	-580	996	214	-1039
	9068	2176	14600	1612	1608	-1133	-1611
	9095	1664	17048	-6244	7027	14052	1376
	9115	1024	19612	-4020	7514	13562	4312
	9138	3500	18540	-3180	4236	7801	5617
	9160	2516	17700	160	3063	-666	-1248
	9181	-1156	15440	-3760	7352	7679	-3098
	9203	4268	13324	-740	4989	6397	595
	9224	-80	17972	-4032	5505	10151	3518
	9246	3612	14952	-1192	4353	11509	6752
	9267	7892	15336	-5164	811	2671	1893
	9289	2892	19764	-2692	-1507	-3848	-1629
	9310	3076	18548	-4092	-348	1980	6
	9332	4428	16400	-3640	-2176	-687	4272
	9355	4064	15976	-1628	-5262	-9459	3147
	9385	-4008	15388	-3856	-6230	-13957	5777
	9408	4944	10568	-7504	-11504	-10279	-1072
	9431	5548	14708	2396	-8561	-13689	-4553
	9453	3716	13288	1376	-5526	-15216	-3704
	9474	1076	13984	1508	-1449	-8289	-4339
	9502	1084	13256	-16	-884	1990	-4110
	9523	2040	13756	-628	-144	-2498	-125
	9543	6828	9156	-4144	-2565	-6877	-1728
	9566	852	16120	4256	-2392	-6577	-6249
	9588	1516	15668	1420	-9767	-13393	-12111
	9609	-940	16860	832	-9822	-15247	-12648
	9631	5136	22196	-8824	3757	20298	-2353
	9654	1876	17520	380	-1509	573	1121
	9680	4740	19072	-24	5621	7041	3375
	9701	-3196	20344	132	2572	-301	6151
	9723	1656	17136	-3484	5758	6103	9546
	9744	2108	13336	676	2870	5390	8019
	9766	3184	15192	576	-1289	2040	2647
	9787	3828	15040	8	-1881	870	-156
	9809	2732	14308	108	-395	1103	-2649
	9830	3104	14268	84	3585	5946	-3675
	9857	4920	14992	-1904	3469	141	-2925
	9879	588	18160	-8780	185	-5241	1375
	9900	-616	16084	-2000	-997	-10980	1193
	9922	1348	16092	324	-5637	-12178	-8250
	9945	-664	17912	2332	-7562	-15502	-10051
	9971	-1316	17924	4968	-3144	-12718	-8913
	9994	-3024	14224	2912	879	-8082	-4567
	10016	1500	11272	3776	-1367	-6687	-10442
	10039	2772	14212	-5084	-3441	-5450	-10110
	10061	2544	18244	-3596	-2715	-4812	-6378
	10084	160	17940	300	3103	-5840	-2674
	10106	3192	12736	-4896	13517	17972	8896
	10129	-1856	15724	4796	4168	-162	6087
	10149	-4608	21892	-1480	-434	-561	3338
	10172	-4696	18676	-4692	3541	3425	4747
	10194	356	14340	-188	6634	13860	4561
	10217	3604	15236	-224	2059	11294	3918
	10244	6328	13288	-812	-1838	-219	-1927
	10266	4228	13880	-676	-2502	-1673	-3299
	10289	512	16392	-2372	-1605	2225	-1591
	10311	1664	18392	-3200	698	3830	-594
	10332	4448	17228	-4348	4005	1999	-1645
	10354	5644	20956	972	-2690	-8159	1918
	10377	-3236	15404	-2684	-3432	-16971	5831
	10399	-1288	17892	-1324	-14591	-9764	-14637
	10422	-8044	20128	1068	-6120	-6006	-5133
	10444	-6120	15092	3388	419	-4313	4013
	10467	2048	9240	6680	-1305	-7712	-2848
	10489	1740	8708	3508	-3198	-6092	-10563
	10510	-1792	13236	-2116	-2542	-2714	-7793
	10539	940	16484	-2604	2222	4049	2473
	10559	1972	15776	-884	-3924	-7368	-4239
	10582	-21596	14272	-1528	13505	32767	10217
	10602	-2716	20620	7848	8039	11768	10743
	10625	-7924	20112	-1864	9199	12721	15337
	10647	-2376	19192	-352	178	3870	11560
	10670	-4652	21212	-184	745	4268	6140
	10690	-344	16516	5132	5718	12004	7960
	10713	6552	13400	-1752	3529	13798	-261
	10739	6512	16492	-32	5140	11176	559
	10766	980	15928	-884	-1934	46	-4878
	10786	1804	18552	-1532	-983	3010	-3422
	10813	1864	19940	-5252	157	1295	-1551
	10835	7336	14764	-6468	484	-2516	1508
	10856	-1812	16188	-1192	-1781	-15296	6483
	10878	4268	15992	-2132	-13885	-13232	-3920
	10901	-1488	13540	-840	-14427	-14653	-10524
	10924	-2292	18260	4168	-9579	-10347	-9190
	10944	-1968	15400	3248	-4904	-9924	-5049
	10967	-8880	15556	3588	-3862	-5974	-3083
	10989	1660	4000	4424	895	-6809	-8565
	11012	-64	10248	1668	-5064	-7731	-10683
	11032	-6612	21628	-4516	-4279	-2805	-7898
	11055	636	20856	-4792	-3275	-1636	-3835
	11081	-17332	17884	-10688	16150	32767	18014
	11104	1904	11480	6604	6919	17200	10463
	11124	-80	16412	-716	5744	14392	3949
	11147	-32768	-21988	-1864	32767	32767	32767
	11169	-14756	16228	-964	9814	15465	17954
	11192	-3784	18672	-5768	1139	10462	15410
	11212	4548	17620	-2052	-4277	2178	1144
	11239	8232	14380	-552	1179	2592	-5549
	11261	3192	10172	-732	-1645	-3715	-1869
	11284	-612	14408	-2520	-2004	-581	-905
	11304	2348	17732	-1168	-246	-1525	32
	11327	2568	18132	180	-1066	-4818	2509
	11356	5472	17088	1168	-621	-6594	4306
	11376	-1156	17608	-4504	-1676	-6322	-2537
	11399	3776	26452	8340	-436	-5452	92
	11421	4336	13744	-4820	-8141	-7234	-2699
	11444	2640	16380	500	-6882	-10413	-6316
	11466	-1184	18224	-640	-4960	-10699	-990
	11487	-2504	18484	2940	-393	-4692	809
	11511	2336	12804	600	73	-3467	97
	11532	-484	15052	1348	333	-8185	2470
	11554	-3232	15208	-1224	-315	-2941	1574
	11575	-340	16796	-2356	-3	4538	94
	11597	4924	16412	2784	-1031	-2661	153
	11620	-3252	19752	164	2509	12425	-1110
	11646	1428	17852	-896	5702	13929	-5795
	11669	1768	15944	-1368	4005	4910	-2603
	11692	52	16504	-1076	928	-1962	-1336
	11714	-4664	20036	-4284	2864	4898	2189
	11735	4956	15864	-4348	-3109	1657	3335
	11759	5952	14808	-1020	-3112	-1190	332
	11780	4524	15368	560	206	-3344	368
	11802	184	17632	-2400	1088	-1741	2900
	11825	4084	11700	-3256	-244	-1858	4868
	11847	2652	14888	84	-4435	-5598	-2263
	11868	1768	15828	-728	-3770	-3727	-4409
	11890	8	16640	-500	-4205	-3087	-3717
	11913	-1764	18024	1148	-1380	158	-840
	11939	424	16484	1704	152	-381	1011
	11960	512	16724	972	-195	-1105	443
	11986	-2192	18484	1100	528	-4615	4497
	12009	-3328	884	-1156	3090	2897	-3558
	12029	1676	12784	7428	-1385	-5307	-2834
	12052	220	15928	-1412	1894	744	-311
	12072	4092	13080	-716	790	1928	-3474
	12095	9536	9744	-2760	-735	-2801	-5475
	12124	7356	11364	1552	-6697	-11029	-11187
	12144	-4832	19956	-156	-5261	-8086	-5679
	12167	-10852	25400	-1220	13541	8270	11888
	12189	5124	13748	-6096	4731	7247	9736
	12212	6424	14624	844	-2972	-5253	454
	12236	940	17044	-1472	-3955	-2151	-4082
	12259	-1104	18520	860	-660	963	422
	12281	12	15312	-400	1487	2011	2299
	12302	-2076	16396	1952	477	1416	3315
	12324	7544	17984	6348	2186	-671	-1405
	12345	2064	11692	364	-4004	-9200	2215
	12367	100	17272	2868	108	-7530	5192
	12388	3892	14700	-244	-782	-9140	2875
	12410	1944	16036	3356	-3291	-12461	-427
	12431	1012	16084	-136	-5736	-13127	-7125
	12453	420	19192	-1224	-4754	-5200	-4434
	12476	1508	16724	-512	-2762	-2870	-3604
	12503	2620	16396	-468	-2389	-592	-2710
	12523	1456	18284	-2372	-715	3338	-1054
	12546	-108	19776	-4644	1567	9811	1586
	12568	2384	19132	-1060	5492	17149	4340
	12591	5484	14752	2360	5765	12245	1693
	12611	324	9616	6848	681	-427	-5125
	12638	-4788	15204	4040	-4858	-3352	-15785
	12660	-4704	19432	1036	-5109	-2187	-11415
	12683	-4284	19760	432	-659	-2849	-4224
	12705	308	17768	-3772	3095	-1088	4257
	12728	-6444	19048	620	7811	6417	8772
	12748	5048	13492	4044	5972	5960	8690
	12771	2740	13828	2368	2345	1976	5533
	12797	904	15444	-208	394	-648	2075
	12820	176	16244	-1732	2648	3554	2531
	12843	1120	13668	-944	2926	-79	2170
	12863	1848	16276	-904	1680	-3824	486
	12886	-2188	17716	-2388	2266	646	1147
	12908	1224	16308	-1076	1741	709	137
	12931	2788	14628	696	-746	-507	-85
	12951	452	15928	-1536	-2627	-1803	-150
	12974	1108	16716	-1184	-723	1194	1327
	12996	2168	15020	544	-939	250	-402
	13017	2120	15796	584	-1073	-1880	-1311
	13039	-836	17412	-2128	209	-1104	-719
	13062	-676	16628	-524	814	644	525
	13088	-84	15660	28	-1431	-1484	-764
	13111	856	15120	288	-2495	-2080	-1390
	13133	800	15092	-84	-2110	-1748	-1537
	13156	-312	16024	-1620	-521	1064	-2307
	13176	1428	18428	-816	698	3916	-1347
	13199	-888	20084	-792	3258	4951	880
	13225	2092	17044	724	2508	2799	1580
	13248	1784	15768	844	644	-1002	325
	13268	-388	16104	1652	-1709	-3054	-2040
	13291	-1540	17240	1516	-7307	-3609	-6582
	13314	-940	16896	1764	-6466	-4910	-3311
	13336	1392	15592	1468	-5036	-4002	-1624
	13357	2332	15044	868	-1934	-4341	29
	13383	-1788	17564	2552	-4814	-1021	-5445
	13406	-1568	17052	2740	2169	1081	-168
	13426	-596	15684	1960	2939	-3121	2601
	13449	-1860	17724	2972	2291	-5604	5391
	13475	-840	17000	1460	7267	-4295	9468
	13498	2956	15124	1304	2931	-7193	6173
	13520	1428	16800	2204	117	-10535	2969
	13541	-24	16784	232	-736	-7163	972
	13561	1268	16396	-448	-1320	-3889	981
	13584	1876	16816	988	-1758	-4413	1746
	13606	3304	15236	1788	-989	-5618	3604
	13627	2480	14716	940	-2447	-6639	1139
	13649	1236	16516	-128	-1147	-5735	1257
	13676	2380	16140	1548	-399	-4664	2993
	13697	1724	15716	536	1317	-6707	3970
	13719	1832	16104	-144	336	-8457	2185
	13740	2148	15272	488	-175	-7156	783
	13762	1068	16592	672	2079	-5112	-2304
	13785	1980	17536	-1568	-4089	-6426	-1426
	13805	5060	16380	2420	1218	-5532	6591
	13828	4588	14096	2664	-1922	-5982	2775
	13850	4180	14524	1840	-4856	-4858	5720
	13871	4748	15604	2152	-4970	-4974	4686
	13893	4936	13960	2580	-3875	-6681	2632
	13914	4216	12132	1976	-4745	-6827	2976
	13936	3368	13212	684	-4692	-6027	1816
	13955	3960	13860	616	-1898	-5240	158
	13977	4524	12468	1108	-427	-5307	615
	13998	3060	14352	552	-2055	-5876	1569
	14024	3996	15296	528	-2514	-6009	1986
	14047	4156	13868	1092	-3022	-6972	-39
	14069	4304	16656	1108	-5774	-6394	-560
	14090	4424	17248	1660	-8678	-6803	720
	14114	4412	19708	2800	-13614	-6432	2578
	14135	4316	23696	5148	-15060	-7695	4985
	14157	4148	24028	5612	-9531	-7976	-339
	14180	4048	26244	5188	-38	-7318	-1712
	14202	2464	25844	5776	7772	-8894	591
	14229	1380	20728	4168	9690	-9776	-2965
	14252	384	18332	2600	6565	-8304	-3964
	14274	1388	17484	2460	1412	-5970	-1323
	14295	3336	17348	2500	-2330	-5235	2142
	14317	5044	13992	4232	-4925	-6517	-273
	14340	2132	18640	3320	-7795	-6091	-964
	14362	2784	19612	3988	-9529	-3651	2002
	14385	5048	20928	5512	-9906	-4971	7473
	14405	5172	19320	6508	-5777	-6432	2611
	14428	4104	19888	5784	-4048	-6001	-557
	14456	3160	17564	3708	-83	-5300	-3117
	14477	4140	16284	3604	431	-4875	-2914
	14499	4608	12204	3748	-663	-5731	-2148
	14526	1964	13368	896	-2866	-4683	-1389
	14548	3320	13940	2464	-7926	-2902	-2093
	14571	4424	17672	2436	-9256	-3012	-2538
	14594	3504	17884	1696	-5417	-4442	-1663
	14614	3156	14448	376	-1550	-4375	-1909
	14637	4200	9176	328	-3265	-2893	-4617
	14659	924	9240	-2864	-5415	-2173	-4527
	14682	1544	9300	232	-12971	1232	-490
	14702	3700	11164	2280	-15813	2556	-948
	14725	5348	13644	2580	-11759	-12	-1727
	14747	3172	13644	1740	-4518	-3573	-1413
	14768	1672	12124	848	-482	-3178	606
	14794	4436	10424	2856	-2337	-1786	1438
	14823	5624	11216	3928	310	-3354	-3043
	14843	5580	12992	4080	1410	-5866	-1584
	14866	3424	11716	3492	2970	-6787	-820
	14888	3580	10156	3584	1414	-5976	-2049
	14909	3988	10356	4268	292	-5315	-3532
	14931	6128	12152	6248	-66	-6059	-4520
	14952	6644	12040	6548	-302	-10009	-2205
	14974	4984	11100	5196	717	-12043	-2431
	14997	4720	10964	5752	2842	-12662	-5852
	15017	2520	12420	5348	-2047	-10897	-5775
	15040	3388	14136	3296	-3589	-8714	-3256
	15063	4140	9576	6564	7978	-9034	-4753
	15089	3492	10040	5492	1620	-6885	-7572
	15110	4240	14344	3492	-3118	-5694	-4722
	15132	6096	15584	3660	-2247	-6277	-2557
	15155	5884	13056	3984	80	-7386	-3684
	15175	5192	13376	4476	-1567	-6437	-5613
	15198	7200	15968	5528	-3582	-6023	-3977
	15218	8228	17512	5068	-2971	-7618	-734
	15241	7324	14312	3596	-491	-9925	-1301
	15263	4704	12248	2564	-1461	-8817	-3945
	15284	5512	14216	2564	-1695	-7738	-5791
	15306	5996	16796	2632	-833	-8159	-5238
	15329	5380	16192	1692	3082	-9068	-5028
	15355	1556	11728	1024	4657	-8386	-5096
	15376	1400	14780	416	858	-3733	-5534
	15403	3216	19116	3024	2781	-2078	-4321
	15425	2908	16908	5196	782	-1427	-4012
	15448	2204	14572	5492	590	-3652	-4469
	15470	636	14552	5632	-1468	-3050	-6289
	15493	2444	18244	5204	-96	-4149	-8490
	15513	3476	18484	5636	4500	-8751	-10086
	15536	600	15064	5156	5643	-11946	-10299
	15558	-1752	12920	4120	2103	-11428	-9843
	15581	-1392	15512	3624	-586	-9833	-8054
	15603	-1216	16704	3508	480	-10126	-7336
	15626	-1688	15500	3544	1017	-10246	-5481
	15652	-1984	12648	3296	-469	-8745	-2802
	15679	-1236	13256	3396	-2556	-6343	-2677
	15702	-676	15020	3224	-2438	-5627	-1965
	15724	-772	14456	3280	-1989	-5454	-1411
	15745	-492	13276	4376	-3003	-5450	625
	15767	-116	14800	4304	-4366	-4927	941
	15790	960	16976	4180	-2467	-5669	-2020
	15812	-140	16368	3508	584	-7766	-4803
	15833	-948	15224	3188	903	-7361	-6177
	15857	484	16200	4092	-41	-7054	-4304
	15878	308	16712	3580	-535	-8155	-3616
	15900	-888	16088	2300	116	-8110	-4483
	15927	-1568	15576	1668	588	-6553	-5350
	15949	-476	15252	2128	771	-6383	-5813
	15972	-284	16016	1672	2012	-7387	-5524
	15994	-1308	15184	1232	2570	-6479	-4235
	16017	-1512	14124	1308	909	-5617	-3128
	16037	-1064	14824	2856	-1319	-4353	-1071
	16060	-1352	14548	3508	-1335	-5852	-2808
	16082	-1892	13872	3872	-1502	-5359	-4552
	16105	-1124	15600	4832	-1916	-4830	-6869
	16128	-2336	15736	4320	-1628	-4678	-5335
	16148	-3968	14488	4140	-2777	-3004	-3002
	16171	-2644	15044	3960	-3285	-1800	-4028
	16203	-332	13212	4380	-4538	-5735	-556
	16224	-1912	13748	5120	-2502	-6170	-759
	16246	-624	10868	4044	-311	-9005	-8645
	16269	-2144	7880	5152	-3798	-12026	-9863
	16291	-3492	13568	5420	-9106	-10719	-6509
	16312	-2652	15400	6688	-5382	-8057	-7375
	16334	-2856	12492	7508	-2537	-7024	-7478
	16355	-4380	12004	8428	-2505	-5651	-6794
	16377	-4200	11612	7316	-2021	-3625	-9056
	16400	-4668	12064	8148	-4067	-4113	-6510
	16422	-5452	12868	9324	-5840	-1852	-1805
	16443	-3668	12172	9728	-2351	621	-4106
	16470	-5000	7988	9268	-4308	383	-6410
	16492	-6752	9868	8880	-4355	2336	-8259
	16515	-5860	8632	10472	-4761	3529	-5536
	16537	-224	9072	10748	-3741	-19162	6831
	16558	-3688	14800	10176	-1584	-21728	993
	16580	-5580	11748	12612	391	-16786	-5247
	16601	-5684	11872	11608	-4169	-9380	-8978
	16623	-1456	12700	12408	-8666	-7730	-959
	16646	-2788	15020	11540	-7302	-9754	1698
	16668	-2400	12648	12432	-2810	-13142	-2582
	16689	-4588	10876	11908	-1618	-13625	-4380
	16711	-404	13680	16016	-7143	-6619	674
	16738	-76	14848	15244	-6852	-3560	-945
	16760	-3096	13148	15416	-4281	-5786	374
	16781	-2596	14140	13712	-3998	-6811	2374
	16809	1300	15952	13556	-624	-11234	4276
	16832	-504	15288	12724	-236	-13611	2696
	16852	-2896	14360	11216	-1231	-14263	-613
	16875	-4716	13900	13184	-644	-10139	-825
	16898	-524	12380	14476	-2919	-5508	769
	16924	436	13244	12528	-2052	-8458	3469
	16947	2080	13268	13088	-4741	-8862	375
	16969	2432	14440	13320	-4997	-8982	-824
	16992	2312	15460	12972	-4279	-8867	-372
	17014	2264	15028	12364	-3011	-9123	968
	17041	3480	13120	13040	-3978	-10380	100
	17063	2648	12764	13120	-3497	-11250	-403
	17086	1444	11280	13484	-5866	-10694	1688
	17106	396	14764	11120	-6573	-6870	3149
	17129	2976	16640	10100	-5894	-6945	737
	17152	3868	15416	9976	-5121	-8573	1739
	17174	3684	14364	10208	-6271	-7663	1914
	17197	1136	17244	7708	-5112	-4607	-739
	17217	3172	11688	6128	-12949	-4926	-386
	17242	5432	9412	6200	-30621	-18568	9980
	17262	16616	32767	32767	-32768	-32768	32767
	17285	15244	14960	32564	-29264	-12078	7930
	17313	16992	24624	12996	-32768	-29685	3577
	17336	10500	8372	15952	-32768	-21128	32767
	17358	32767	-32768	32767	-32768	-18614	32767
	17381	32767	4516	28692	-32768	-708	32767
	17403	540	-804	572	-32768	-32768	32767
	17426	14048	-21360	4884	-32768	-32768	32767
	17448	18244	-32768	-32768	-32768	-15797	32767
	17471	3088	6632	6596	-32768	-31066	32767
	17491	26900	2384	24856	-32768	-32768	32767
	17514	800	7144	10348	-32768	-32768	32767
	17537	32767	-2184	32767	-32768	-32768	32767
	17569	-32768	8144	-24484	-32768	-32768	32767
	17592	3776	21940	24580	-32768	-32768	32767
	17614	21936	15756	32767	-32768	-32768	32767
	17635	27432	11076	32767	-32768	-32768	32767
	17657	23844	19380	32767	-32768	-32768	32767
	17680	13676	11056	31264	-32768	-32768	32767
	17702	3892	12964	18596	-32768	-32768	32767
	17725	4100	9164	20408	-32768	-32768	32767
	17745	32767	9568	32767	-32768	-32768	32767
	17768	-32768	32767	-15280	-32768	-32768	32767
	17790	5168	21320	21832	-32768	-32768	32767
	17817	13624	22532	31752	-32768	-32768	32767
	17840	32767	-14556	32767	-32768	-32768	32767
	17862	21900	15144	32767	-32768	-32768	32767
	17885	32767	-21224	29220	-32768	-32768	32767
	17907	3516	13424	19228	-32768	-32768	32767
	17928	2384	8812	9160	-32768	-32768	32767
	17950	6716	7500	23116	-32768	-32768	32767
	17973	744	312	22480	-32768	-32768	32767
	17995	356	11124	17588	-32768	-32768	32767
	18016	848	32767	28592	-32768	-32768	32767
	18038	6928	22980	31192	-32768	-32768	32767
	18061	5312	20276	20212	-32768	-32768	32767
	18087	32767	-16284	32767	-32768	-32768	32767
	18110	-11576	8952	14992	-32768	-32768	32767
	18132	-15168	10148	7660	-32768	-32768	32767
	18155	-3820	3736	-4264	-32768	-32768	32767
	18180	8000	18440	4028	-32768	-32768	32767
	18208	796	13152	19900	-32768	-32768	32767
	18229	18020	32064	26416	-32768	-32768	32767
	18251	-1716	23900	19744	-32768	-32768	32767
	18274	1884	12936	32767	-32768	-32768	32767
	18296	28504	20240	32767	-32768	-32768	32767
	18319	5524	5932	32767	-32768	-32768	32767
	18360	-5496	7884	20252	-32768	-32768	32767
	18384	1252	10524	11708	-32768	-32768	32767
	18411	-6380	8980	10716	-32768	-32768	32767
	18436	9896	13208	20436	-32768	-32768	32767
	18462	-32768	32767	7740	-32768	-32768	32767
	18487	-8416	22808	14864	-32768	-32768	32767
	18513	-31120	18116	12232	-32768	-32768	32767
	18538	32767	-23768	32767	-32768	-32768	32767
	18565	-15364	-7248	11272	-32768	-32768	32767
	18589	4836	5928	27200	-32768	-32768	32767
	18616	604	8524	23016	-32768	-32768	32767
	18647	3392	6952	27488	-32768	-32768	32767
	18671	-5256	10644	13764	-32768	-32768	32767
	18698	19524	2720	32767	-32768	-32768	27582
	18722	6828	8000	31084	-32768	-32768	32767
	18749	15304	18476	32767	-32768	-32768	32767
	18774	-5248	12480	29692	-32768	-32768	32767
	18800	7980	32767	27640	-32768	-32768	26593
	18825	-14160	12664	-3044	-32768	-32768	28896
	18851	-5228	15768	20492	-32768	-32768	32767
	18876	-26012	15708	-5788	-32768	-32768	23118
	18903	-6712	7204	14700	-32768	-32768	24466
	18929	-5068	7036	9688	-32768	-32768	28339
	18958	-1684	14400	19992	-32768	-32768	24169
	18982	4108	21728	26684	-32768	-32768	32767
	19015	19772	7064	32767	-32768	-32768	27254
	19040	-11664	9756	30084	-32768	-32768	29602
	19064	-29420	7096	4120	-32768	-32768	26689
	19091	-14728	4112	14752	-32768	-32768	29649
	19116	-11328	8476	9980	-32768	-32768	13699
	19140	-15068	4984	6220	-32768	-32768	11550
	19167	7812	4752	16876	-32768	-32768	11518
	19191	-32768	31300	-23400	-32768	-32768	16018
	19218	-6340	13552	23008	-32768	-32768	13197
	19247	-29360	11516	2568	-32768	-32768	12068
	19271	-14920	8244	32767	-32768	-32768	19467
	19298	-32768	15828	16320	-32768	-32768	15567
	19322	-14688	7448	23552	-32768	-32768	17672
	19347	-11244	5112	19664	-32768	-32768	19066
	19374	11088	-740	9924	-32768	-32768	7299
	19398	-15496	10136	4224	-32768	-32768	8949
	19423	10708	3632	28376	-32768	-32768	2637
	19449	-4316	3112	15776	-32768	-32768	17202
	19474	-32768	10592	-10968	-32768	-32768	22286
	19501	-1436	228	28132	-32768	-32768	16499
	19529	-7280	10236	29348	-32768	-32768	9191
	19560	-24708	-740	32767	-32768	-32768	5676
	19585	10756	8228	32767	-32768	-32768	8009
	19609	32767	-31336	28876	-32768	-32768	1977
	19636	-28276	524	17552	-32768	-32768	8166
	19660	-1128	-3012	8	-32768	-32768	-6994
	19685	-6096	372	18300	-32768	-32768	-5017
	19709	17668	3400	22748	-32768	-32768	-7378
	19736	-16856	5740	5972	-32768	-32768	-1193
	19761	-32768	20012	27508	-32768	-32768	-9940
	19785	5028	6028	31296	-32768	-32768	-4051
	19816	-12700	-280	27584	-32768	-32768	311
	19847	-3948	3044	32767	-32768	-32768	-11163
	19871	-32768	-10200	15284	-32768	-32768	-49
	19898	9940	6064	15888	-32768	-32768	-20882
	19922	-2316	1532	10392	-32768	-32768	-18891
	19949	17480	-7832	20232	-32768	-32768	-14212
	19974	-21484	7020	1664	-32768	-32768	-25931
	20000	-26748	10064	-13048	-32768	-32768	-14227
	20025	-15748	-6856	16228	-32768	-32768	-7957
	20051	-14720	-5916	18940	-32768	-32768	-14008
	20076	-8028	576	12408	-32768	-32768	-18260
	20103	-28004	4000	-836	-32768	-32768	-14790
	20133	8004	-17276	32767	-32768	-32768	-15349
	20160	16900	-16164	32767	-32768	-32768	-12490
	20185	11552	19752	17724	-32768	-32768	-32768
	20211	32767	-1444	20428	-32768	-32768	-15244
	20236	-8908	-1248	12980	-32768	-32768	-25584
	20262	-6908	-1200	11592	-32768	-32768	-28312
	20287	-24348	16908	-32768	-32768	-32768	-27052
	20314	-26628	-5560	1596	-32768	-32768	-18694
	20340	3988	8248	8828	-32768	-32768	-27536
	20365	18792	4860	22176	-32768	-32768	-31193
	20391	2464	700	18084	-32768	-32768	-23168
	20422	-13584	-3008	19140	-32768	-32768	-26280
	20447	-3740	-7464	32767	-32768	-32768	-26975
	20473	32767	-25136	32767	-28623	-32768	-32768
	20500	-23048	-7708	18520	-24877	-32768	-32768
	20525	-27404	-9968	2784	-30155	-32768	-27699
	20551	1984	15780	-28764	-23255	-32768	-23991
	20582	1492	-1952	9812	-18098	-32768	-32768
	20606	-2188	5552	-13588	-18711	-32768	-29108
	20633	-17488	9964	-17056	-19185	-32768	-31549
	20658	16160	232	21844	-19969	-32768	-32768
	20682	-7076	-1524	4464	-20971	-32768	-32768
	20713	-32768	-14588	268	-27902	-32768	-12369
	20740	2312	1636	13932	-23891	-32768	-32642
	20764	-20536	-3620	3084	-19305	-32768	-32768
	20789	-7224	-11496	32767	-19739	-32768	-32768
	20815	9836	10452	23996	-23102	-32768	-32768
	20840	-10516	-9024	10704	-13857	-32768	-32768
	20865	6692	-3700	24816	-17518	-32768	-32768
	20889	20564	3252	-5776	-11343	-32768	-32768
	20916	4664	3096	-3384	-10456	-32768	-32768
	20940	8620	-3528	24056	-10737	-32768	-32768
	20967	-3536	188	5888	-12327	-32768	-32768
	21002	18468	-1396	22016	-14363	-32768	-32768
	21026	19136	1612	18568	-11871	-32768	-32768
	21051	356	-2304	14432	-12812	-32768	-32768
	21075	-23880	-2472	32767	-9930	-32768	-32768
	21102	-27136	-3076	19828	-14791	-32768	-32768
	21127	2372	-10976	32767	-15630	-32768	-32768
	21153	3384	-15364	32767	-8907	-32768	-32768
	21178	-11932	-7268	12364	-18529	-32768	-32768
	21202	25868	16060	25808	2111	-32768	-32768
	21229	8388	-1616	2036	-6038	-32768	-32768
	21254	22960	3572	11048	-3543	-32768	-32768
	21282	-32768	9120	32767	-8751	-32768	-28448
	21309	-32768	5808	-32768	-5348	-32768	-19187
	21334	10676	3424	-26812	-9001	-32768	-17350
	21360	13680	4872	-7104	-28429	352	8059
	21385	2596	9272	-7196	-20016	-4238	2104
	21413	-1544	8280	-11080	-24843	1294	9273
	21440	-1044	7316	-7852	-27183	1042	10381
	21465	-1248	10784	-8952	-30374	3329	12983
	21489	-1564	12500	-9452	-32768	6112	16493
	21516	444	11436	-6428	-32768	8085	19204
	21540	1368	11824	-4632	-32768	9385	22609
	21571	9364	6648	3240	-32768	10939	23578
	21598	8024	10876	3548	-32768	13414	30839
	21622	7772	25428	3456	-32768	12436	32767
	21647	5744	9144	3396	-32768	16864	32767
	21673	696	10824	7488	-32768	17891	32767
	21698	5620	544	6404	-32768	16176	32767
	21725	-12792	3168	-10296	-32768	22874	32767
	21749	2908	-3528	8272	-32768	18420	32767
	21774	-3000	-5216	640	-32768	17706	32767
	21800	10780	-9844	12748	-32768	9067	32767
	21825	5376	-16888	11004	-32768	8231	32733
	21852	636	-15896	6820	-32768	7862	27252
	21880	2152	-14772	3888	-32768	6904	22734
	21907	-1656	-17276	420	-32768	6213	20057
	21932	-804	-16672	-488	-30542	5606	15050
	21958	-1760	-12804	-2992	-26821	5087	12828
	21983	-2952	-15180	-4052	-23075	4802	9788
	22009	-3152	-14316	-5216	-19404	4933	6811
	22034	-3512	-14440	-6040	-16580	5020	4084
	22061	-4216	-13948	-6800	-13778	5528	1326
	22085	-3216	-13260	-7608	-10977	6349	-1744
	22112	-3172	-13480	-8448	-7975	6728	-3848
	22142	-3204	-13372	-9040	-4202	7569	-7122
	22167	-1788	-13492	-9028	-1173	8057	-9127
	22198	-2176	-14612	-9416	1997	9794	-11320
	22222	-692	-13148	-8768	5009	10497	-13465
	22247	700	-15280	-8964	8043	11723	-15919
	22274	1684	-14624	-8372	11039	13703	-18248
	22298	1508	-12704	-6880	14463	14654	-20144
	22323	-2424	-5828	-8316	15316	8736	-23857
	22349	-4828	-9704	-9868	20893	16219	-22887
	22374	3676	-11284	-3620	24511	20708	-27507
	22405	3944	-10148	-2520	29480	24393	-32678
	22429	5968	-8948	-688	32767	26926	-32768
	22454	4992	-6356	2520	32767	28623	-32768
	22478	-4712	-9952	676	32767	30539	-32768
	22509	1488	3260	-2864	32767	32767	-32768
	22534	2312	2108	5596	32767	32767	-32768
	22558	7300	2032	4892	32767	32767	-32768
	22583	14584	3884	15492	32767	31587	-32768
	22609	8852	7484	8500	32767	31709	-32768
	22634	3796	32767	29400	32767	21161	-32768
	22659	-3400	13056	12692	32767	11722	-22046
	22683	-9128	220	9208	12723	5159	-24221
	22710	-8308	8008	13736	-12748	-6531	-32768
	22734	-8912	2204	816	5557	32767	6444
	22759	-2348	13488	7504	3822	9579	-802
	22784	-4560	14016	6980	1789	-1251	1933
	22814	-2784	14300	7248	3185	-5338	2483
	22839	-2980	13320	6092	-664	-1912	544
	22863	-3056	13460	7900	-4946	2649	-1115
	22888	-2700	13764	9000	-3784	295	-1428
	22913	-2844	13512	8756	-1682	-2211	-1006
	22937	-2764	13376	8868	-434	-2255	-837
	22962	-2960	13412	8412	-558	-1012	-448
	22992	-3088	13252	8384	-1419	280	250
	23017	-3300	13132	8760	-2071	1037	1054
	23042	-3084	14032	8904	-976	487	1304
	23068	-2876	13288	8716	1681	-3031	1027
	23093	-1668	13968	7712	-184	754	698
	23271	-2852	13288	8632	1606	-1848	185
	23556	-2768	13376	8808	-446	-106	764
	23582	-2784	13212	8808	307	-255	332
	23607	-2792	13256	8488	-195	632	-13
	23631	-2808	13348	8708	-952	1131	-347
	23656	-2776	13332	8784	-328	369	-559
	23683	-3120	13288	8608	426	-465	-84
	23707	-2964	13232	8572	449	-442	181
	23732	-2912	13268	8460	-64	-381	425
	23756	-2688	13312	8828	-560	-140	478
	23783	-2712	13324	8836	222	-398	66
	23808	-2844	13268	8500	575	-510	243
	23832	-2696	13220	8396	-311	124	206
	23857	-2868	13236	8800	-365	167	197
	23887	-2648	13340	8832	577	-723	395
	23912	-2620	13316	8728	773	-949	173
	23937	-2616	13196	8408	-257	22	51
	23961	-2640	13360	8880	-315	-144	186
	23988	-2472	13324	8600	-5	-156	202
	24012	-2432	13376	8780	-10	148	-267
	24037	-2644	13332	8596	-286	599	-600
	24061	-2760	13328	8660	-568	1125	-415
	24092	-2692	13368	8864	-247	616	-167
	24117	-2716	13220	8852	208	-275	163
	24141	-2872	13096	8600	359	-583	317
	24166	-2660	13304	8868	542	-717	264
	24190	-2564	13244	8580	275	-242	-93
	24223	-2596	13296	8848	-392	720	-342
	24248	-2636	13272	8732	-743	1372	-104
	24272	-2604	13216	8688	-467	793	-604
	24299	-2668	13260	8880	62	311	-686
	24322	-2884	13224	8684	183	-219	-312
	24346	-2804	13196	8692	-70	-410	207
	24371	-2688	13256	8708	557	-1104	250
	24397	-2844	13292	8536	377	-681	-1
	24422	-2740	13200	8500	-421	167	121
	24444	-2692	13116	8668	-793	564	414
	24469	-2624	13248	8884	-634	843	147
	24496	-2596	13244	8932	669	-50	-352
	24520	-2824	13208	8504	635	-67	-180
	24549	-2704	13148	8532	128	-54	-126
	24573	-2760	13152	8792	-235	109	70
	24598	-2728	13384	8744	-27	-160	314
	24623	-2788	13216	8680	-135	48	402
	24647	-2544	13212	8872	-244	416	179
	24672	-2708	13248	8728	-437	1083	-45
	24696	-2596	13128	8948	-500	1442	-745
	24721	-2848	13340	8968	268	710	-893
	24745	-2948	13176	8688	559	63	-339
	24770	-2864	13108	8616	331	-338	317
	24795	-2728	13164	8800	107	-850	686
	24819	-2552	13248	8772	613	-1687	338
	24844	-2528	13276	8580	600	-1300	41
	24870	-2600	13200	8652	-421	586	-380
	24899	-2608	13176	8720	-445	1684	-660
	24924	-2672	13264	8712	-102	1618	-775
	24948	-2784	13256	8768	357	540	-516
	24979	-3012	13176	8600	64	-49	203
	25004	-2788	13256	8648	60	-502	498
	25028	-2808	13248	8640	-526	-187	597
	25053	-2476	13244	8948	-325	-226	314
	25077	-2736	13248	8676	-316	221	2
	25104	-2584	13268	8968	-411	714	-233
	25128	-2716	13288	8880	340	283	-318
	25153	-2900	13268	8988	498	42	-45
	25178	-2656	13216	8728	750	-342	64
	25202	-2688	13152	8532	247	143	100
	25233	-2700	13132	8732	-400	597	167
	25257	-2664	13264	8772	-347	572	-115
	25282	-2692	13188	8680	-380	895	-304
	25309	-2736	13328	8900	-165	769	-558
	25333	-2820	13236	8856	-89	683	-607
	25358	-2776	13140	8960	-203	564	-680
	25382	-2916	13180	8868	109	7	-469
	25407	-2972	13156	8808	-150	-30	-211
	25434	-2988	13104	8820	-173	-313	287
	25458	-3048	13116	8752	110	-905	797
	25483	-2680	13128	8948	120	-585	842
	25507	-2568	13128	8872	185	110	361
	25532	-2724	13128	8700	-93	1066	-94
	25559	-2744	13088	8512	-942	2118	-98
	25587	-2836	13132	9112	-660	1160	-6
	25622	-2944	13028	8940	240	-583	354
	25647	-2760	13068	8860	609	-1112	565
	25671	-2636	13192	8548	609	-1077	296
	25696	-2696	13128	8736	-167	9	12
	25720	-2488	13148	8884	-48	207	-509
	25745	-2664	13120	8988	-126	635	-964
	25769	-2808	13112	8880	-118	495	-1037
	25794	-2900	13112	8756	-359	-78	-755
	25819	-3056	13172	9048	-248	-631	-27
	25843	-3048	13016	9196	1081	-2514	888
	25868	-2696	13020	8868	1217	-2035	1087
	25892	-2740	13176	7976	1570	-1128	-174
	25923	-2732	13012	7740	-608	2261	-629
	25948	-1920	13228	8980	-3690	5297	-1528
	25972	-3040	13060	9484	-2057	3902	-2931
	25997	-2992	13168	9792	-434	3214	-3024
	26021	-3440	13056	9528	3426	710	-3963
	26048	-3892	12888	8612	4455	-391	-2705
	26073	-3412	13060	8160	4318	-1117	-2372
	26097	-4300	12964	7748	1116	37	-2355
	26122	-4212	12840	7564	-2014	1989	-959
	26146	-4088	12980	8664	-3601	3155	310
	26171	-4176	12912	9000	-2881	1444	858
	26195	-4252	12908	9000	-2591	916	2518
	26224	-3708	12860	9256	545	-1137	1504
	26251	-4020	12912	8524	-205	653	944
	26275	-3592	12884	8400	-2538	1846	1073
	26300	-3448	12888	8796	-3634	1170	3150
	26324	-3400	12808	8948	-4685	1224	751
	26349	-7604	20912	17908	-767	1344	-4375
	26374	-3272	18600	19168	-9809	3360	2056
	26398	-10024	14368	22600	-7302	-1284	1856
	26423	-11300	13504	24260	-7179	-6793	-1815
	26449	-14176	14760	26216	-9553	-10190	-4588
	26474	-15960	16556	22832	-15423	-9654	-5578
	26499	-13372	16756	14964	-14311	-11129	-6839
	26535	-12516	11744	12812	-3910	-14419	-10948
	26560	-11176	12016	16884	-8183	-11370	-12937
	26587	-10300	11900	10624	-13140	-7061	-10712
	26611	-8276	9116	8116	-7354	-2378	-13833
	26638	-5616	10100	12284	-3301	-1685	-15945
	26662	-6280	10436	16688	-5037	176	-15373
	26687	-7764	8232	16204	-8754	5355	-16214
	26714	-3296	10608	12664	-4363	4218	-17756
	26738	-3696	10688	13924	2565	-880	-19344
	26765	-4512	7716	15208	5216	-4080	-17219
	26789	-5876	7780	13832	633	227	-16611
	26814	-2564	8852	12424	-7361	1837	-8633
	26845	-4920	4464	14408	-12505	-908	-3888
	26869	-5228	4156	11388	-9635	1084	-9519
	26896	-2068	7964	7516	-5281	3051	-10959
	26920	-952	8624	8892	1195	3114	-9580
	26947	11700	21888	21108	3334	-3763	-6012
	26972	7088	7624	12484	9159	-15136	2399
	26996	-5704	2500	9288	-2955	-10297	16870
	27025	1876	2356	10780	14680	-6988	-2495
	27052	732	1828	8516	6657	-6728	-6011
	27076	-5304	1896	12312	1643	-13370	-7375
	27101	540	2624	5024	274	-6044	4048
	27125	-13032	1980	17076	-4202	-173	-8604
	27162	-5128	-2236	9204	-1766	-3372	2624
	27187	-5816	3476	11704	-5883	-858	13789
	27211	-4472	6296	8932	-11718	5639	-5027
	27236	5628	2924	21160	-725	5066	2543
	27260	-6136	3004	4604	-958	459	-4924
	27285	3356	3624	14952	-1592	6784	-11243
	27310	44	444	16428	219	-6338	-7949
	27336	-2348	-2504	9472	-7537	-14147	-1198
	27361	-1936	4064	11868	-5287	-13674	1375
	27385	-3228	3496	13880	-2427	-8233	1666
	27410	-3424	3816	15764	-298	-6762	-566
	27435	-1476	392	15992	-3200	-10213	-2615
	27459	-2572	2176	14700	-2857	-9704	-2363
	27490	-2040	2220	15296	-515	-7971	-1163
	27514	216	1832	13984	-505	-6674	-1593
	27539	2220	1268	14468	-923	-4749	-1923
	27564	1408	3456	15192	-874	-4031	-87
	27588	1204	3968	17424	50	-5860	1498
	27613	1500	3448	16720	1975	-3829	-976
	27639	2332	632	13184	-209	-2853	-1261
	27664	6860	-912	15920	856	-5012	-2506
	27688	13024	-5196	7144	-9449	-13814	-4156
	27713	-2808	5832	14964	-12105	-17410	-6247
	27740	3484	-348	17424	-3677	-11673	-5079
	27764	6112	1952	19416	-7937	-21838	-3116
	27793	5476	3840	18264	-5610	-23743	-6690
	27820	12156	-64	23372	-6142	-21691	-11904
	27844	9176	-1016	15224	-3181	-23034	-9073
	27869	10652	-4	12604	-229	-27790	-10105
	27893	10156	-3452	13556	-6261	-32768	-17098
	27920	6852	-924	10148	-6688	-32768	-19767
	27944	9692	-3028	5336	-5997	-32768	-17223
	27969	13960	1032	8008	-10263	-32768	-17363
	27994	16192	8564	11024	-6021	-32768	-19711
	28020	12084	8412	4132	-733	-32768	-18876
	28045	12520	9740	-1160	-206	-32768	-17591
	28069	832	6452	-4752	-171	-10292	-7530
	28098	15136	5236	-2744	1793	-3369	-3151
	28129	12524	-2184	-1220	223	-5122	-12862
	28155	13532	3276	-2880	-3059	-4266	-12649
	28180	11804	6736	-3844	-3320	-1776	-11701
	28205	25312	14696	2264	-1239	5555	-8645
	28231	25268	6872	-2500	-4203	-95	-3833
	28256	25364	9868	688	-5639	2831	6726
	28280	15732	5500	-4676	-1957	-2526	2501
	28305	22384	8120	372	843	-12496	-7767
	28332	17692	8968	-436	-4416	-32768	-18507
	28356	13548	10360	-164	-11975	-32768	-24288
	28383	10440	5368	-2984	-10828	-32768	-32768
	28418	2100	13116	-4892	647	-32768	-31181
	28444	-12996	14884	-11808	-4881	-32768	-11408
	28469	1264	11628	-9880	632	5146	2481
	28493	720	9920	-10484	-2028	-1113	-939
	28520	-148	11064	-9820	-5666	-584	-2785
	28545	440	14524	-11236	-4641	30	-369
	28569	1740	15052	-10552	-1350	-755	1163
	28596	-3412	16200	-14724	117	9233	5603
	28620	5804	6700	6580	1422	4664	-1811
	28645	10652	13120	-3100	-4269	-15467	-4510
	28672	7632	11348	-3632	-5843	-32768	-21906
	28696	3248	6804	6892	-9794	-32768	-32768
	28731	-32768	10756	-2060	-17245	-32768	-32768
	28755	-21156	7704	9336	-7592	-32768	-27303
	28782	-21108	7944	1592	-6663	-32768	-14876
	28807	-19732	9852	5080	-991	-16795	-4467
	28831	-12280	8516	6872	723	-292	413
	28856	-12140	8012	7252	1042	-633	860
	28880	-11872	8664	6868	1287	-496	1410
	28905	-14248	11120	4936	933	1249	-983
	28930	-10212	10532	11332	-1872	5777	-3525
	28956	-9884	10116	5016	-2223	-3047	-1685
	28981	-9592	6972	10928	-2029	-24532	-12296
	29005	-8676	6044	11696	-4407	-32768	-19863
	29036	-9132	4200	12548	-8090	-32768	-28413
	29061	-9400	3892	14448	-7018	-32768	-27322
	29085	-4400	1168	17412	-9895	-32768	-24342
	29112	-6048	2716	16792	-10709	-32768	-18292
	29136	-10880	5096	16984	-9231	6768	500
	29161	-4084	3500	19240	-957	-2990	-387
	29186	-8	1416	18380	1496	-11843	3726
	29210	-5212	2092	15964	2019	-15807	4282
	29235	-3768	4012	9924	1097	-9960	5443
	29259	-1624	132	15440	-884	-9893	-2063
	29286	-6852	2476	19484	-12844	-10462	-17826
	29310	3272	2200	9948	-2632	5309	-1278
	29339	-952	440	14256	11005	-11547	1932
	29364	-3400	-1816	16512	7614	-6193	-459
	29390	-612	48	16456	2342	967	-4849
	29415	3024	3988	14912	4387	-1014	-1962
	29440	-5336	4940	14960	12990	10914	-2087
	29464	14964	-356	16864	2717	1101	1675
	29489	4912	-376	19240	-1310	-5458	-2110
	29513	8484	948	16808	-4118	-27050	-10207
	29540	7644	472	19260	-13813	-32768	-19326
	29564	3340	1592	19072	-14446	-32768	-23046
	29589	-328	2188	13240	-8743	-32768	-18850
	29614	12588	1484	14812	-1489	-32768	-16868
	29644	11740	148	10784	-1984	-32768	-15951
	29669	11812	5172	10972	4555	-22758	-11175
	29700	10764	3160	8172	6072	-13823	-7004
	29724	12472	6368	9408	4156	-19431	-13192
	29749	13656	2580	10988	-8196	-4774	741
	29775	14720	4548	8960	-5598	3695	7822
	29800	10964	1148	6208	6538	-3208	-6489
	29825	13424	1052	9084	5210	-4131	-9272
	29855	13692	3980	7896	-860	-1527	-5648
	29880	13808	7420	6336	-1684	711	-2660
	29904	19468	10884	22544	-650	4484	-1881
	29931	-4092	4380	-8712	-2203	-6925	-829
	29960	19456	2320	11760	-5103	-24233	-8619
	29986	21476	3864	7536	-10474	-32768	-13808
	30013	18396	5892	9540	-12213	-32768	-23572
	30038	6508	4972	4612	-9940	-32768	-28626
	30062	-1000	7704	-6436	-1997	-30777	-13035
	30089	15752	9996	-8356	-4612	-14495	-9838
	30113	14928	11924	-4020	-1142	-27057	-14643
	30140	14548	9392	1068	1855	-32768	-13700
	30164	8716	14876	-5896	1066	-32768	-12877
	30191	1236	9840	-7792	4418	-1514	6187
	30216	11168	5960	-8284	598	92	-5025
	30240	8724	9524	-10036	-2055	-1940	-4763
	30277	8464	8384	-9168	-2657	-1417	-2616
	30302	6228	9380	-8876	-4490	-1457	-3688
	30326	6344	11140	-8480	-5671	-260	-6881
	30351	8656	20208	-16124	3326	24928	9732
	30375	8436	14256	-13008	-4894	571	11329
	30402	15440	8940	-5644	422	-22398	-4822
	30427	9316	11740	-7700	-831	-32768	-11091
	30451	13432	10728	-2760	-3142	-32768	-11670
	30476	1188	9152	-8120	-7050	-32768	-20806
	30502	-92	12344	-3520	-7706	-32768	-24091
	30527	-2368	8552	-9016	-7439	-32768	-22662
	30552	-20108	15252	-12104	-7965	-21469	-11943
	30582	-7288	15492	-9712	-6366	-9296	-7295
	30607	-7868	14160	-7516	-2155	4437	5572
	30633	-3420	23356	-7780	16765	1707	1587
	30658	-2908	5996	-5144	7739	-2659	-863
	30683	-3356	3912	-6412	-11388	-7106	-1675
	30707	-8336	13944	-7940	-15417	-6381	238
	30732	-8604	19760	-8816	-4432	-3786	1517
	30756	-8996	17116	-5560	4367	391	434
	30781	-2244	18172	-10588	3079	9217	4871
	30808	-5792	31512	4808	1588	-26006	-9324
	30832	-3888	12452	-10956	1155	-32768	-19012
	30857	-6408	10212	-5740	396	-32768	-23532
	30887	-9236	9128	-412	-2548	-32768	-21888
	30912	-8116	7844	9660	-3642	-32768	-29249
	30937	-2596	-4896	4996	15209	-32768	-12725
	30963	-19368	-7128	22468	-4196	-32768	-16878
	30988	-13712	-840	18528	-11468	-32768	-17629
	31014	-22336	7416	9868	1457	-32768	-17734
	31039	-22700	15052	14124	3084	-6433	-7856
	31064	-18164	17244	16280	16234	3689	11362
	31090	-17116	8584	10600	19622	16236	26708
	31115	-8352	7048	12532	19900	24532	27774
	31139	-4400	11340	11056	26602	20858	25213
	31168	-3164	11036	3012	9867	-9250	15383
	31195	-11976	13068	6632	2561	-10870	21273
	31219	-2564	15356	10016	1492	-4345	12475
	31248	-5104	14744	6332	5480	-5022	11585
	31272	-1996	14272	2528	5311	-2735	6846
	31303	-3556	10796	9236	-469	-10948	260
	31328	-4340	11500	12928	-7019	-9234	3759
	31354	-4696	10200	8484	-13071	-11588	2480
	31379	-3720	13376	10680	-7803	-6031	2983
	31406	-204	10608	13784	-4959	-12250	-1654
	31430	-692	10812	8720	2733	-6171	-2386
	31455	-2300	13876	6432	3657	-2248	-2780
	31485	-1080	13672	9220	2391	-4006	1878
	31510	400	14952	7208	4123	-1603	-303
	31537	-1600	17688	4576	-5	-4051	-773
	31561	-4796	18952	5716	-895	-1752	5386
	31586	-1108	15108	5484	-4303	-2379	5345
	31612	-3228	16148	5048	-9332	-6089	6093
	31637	-456	13248	6096	-4568	1534	1652
	31662	-316	10048	5432	-5890	2754	-2774
	31688	-1656	9516	5964	-8583	3256	-4509
	31713	-1620	10876	11156	-6260	2169	-5913
	31737	-392	6872	8448	-1157	2176	-11809
	31762	-3140	5228	5764	-7549	3698	-12767
	31789	-5752	9484	12200	-10394	6295	-11595
	31825	-4960	8172	12772	-2298	5305	-9972
	31850	-5144	10632	9440	-12563	9486	-19132
	31875	-9528	8292	14736	-7451	12087	-7363
	31901	-11648	13664	14348	12325	17013	898
	31926	-2240	5204	14940	-5460	10741	2049
	31950	-5932	2788	17100	1266	12387	-9869
	31975	-5496	1568	11636	4860	10311	1733
	32000	-11780	12604	9652	9359	19828	7684
	32024	-9436	12132	6000	11408	19958	5329
	32049	-8272	14224	4184	-3190	4423	-2286
	32073	-12572	17072	7020	-6288	6305	1242
	32100	-13216	13384	4380	3046	16458	6873
	32129	-5500	12888	7536	-1838	14167	9646
	32153	-5272	10912	7240	-1713	11189	5263
	32180	-7848	11556	8380	-4475	8684	649
	32204	-10992	10892	8424	-1292	8023	3271
	32229	-9536	10164	8720	-1022	5951	4112
	32253	-10196	9768	7372	-1885	1857	-1208
	32280	-11200	10396	7532	-3483	-397	-3596
	32305	-11964	10176	6184	-2911	380	-2175
	32329	-9036	11152	5096	-6795	3656	-119
	32354	-14928	12552	964	-6951	-2822	1435
	32378	-9024	11284	9336	-14430	3747	3863
	32403	-8408	9096	7244	-4987	2129	162
	32434	-8596	11460	8700	-2352	4930	-2958
	32458	-9756	8612	7652	-2128	3210	-733
	32483	-3092	8184	10244	-5598	-1596	-824
	32507	-7856	10384	10836	17109	-1878	2865
	32532	-12272	9408	6492	19803	1347	-1194
	32557	-13476	9748	2484	13673	-10212	2736
	32583	-12796	6696	5416	-1839	-3345	122
	32608	-11484	10840	10056	-5114	608	-1669
	32632	-9880	11680	4888	-2552	615	-675
	32661	-12088	12196	7612	-1697	-2991	-3509
	32688	-12132	13960	3608	2134	2827	-911
	32712	-8400	10348	5512	4027	1828	-1188
	32737	-8828	13536	6520	7762	-1286	-1743
	32768	-11728	11356	5116	11224	-2064	1931
	32792	-9308	10500	-276	-16899	-1790	15636
	32817	-7308	10368	9628	-909	-3170	4140
	32841	-8780	11460	5508	-2695	-5878	-967
	32872	-10648	13112	7908	1804	-2711	3252
	32897	-8896	10784	7148	4647	-279	5846
	32921	-6636	11804	4776	4889	3989	-507
	32946	-7764	10480	4964	621	979	-2998
	32972	-7896	12760	5812	422	1839	693
	32997	-10312	11824	6812	1502	5767	-717
	33021	-11572	11088	5816	242	3102	-1541
	33046	-10376	12664	6520	-1061	1538	639
	33077	-6280	10244	4768	-4404	-1077	-1781
	33103	-6924	6408	6016	-4417	-13245	-996
	33128	-8532	12376	6900	-4482	-7879	-611
	33153	-11488	12952	5604	-1182	-7543	1902
	33179	-9816	12896	9108	5808	7521	41
	33204	-8500	10292	5912	4782	7522	-1940
	33228	-8896	10224	5972	1238	1450	-1069
	33253	-8248	11176	7224	-212	-28	-1571
	33280	-11776	12392	5624	-485	516	251
	33304	-10636	12856	5796	-2425	76	-154
	33329	-9596	13204	11072	808	-965	2477
	33359	-10536	11908	5032	3455	5314	2020
	33386	-10444	13068	9640	2057	1151	492
	33415	-6016	11100	9208	5655	-3113	-4
	33439	-8420	10664	9860	2019	-1029	-4718
	33466	-9544	14952	6540	-857	-1062	921
	33490	-9508	10216	6784	1135	-1277	3362
	33515	-4628	17548	9384	-3236	-2185	-2392
	33540	-10252	9624	7936	-3830	-12456	-2010
	33566	-12088	12860	8676	4870	12307	12523
	33591	-3880	12124	9992	9987	6969	523
	33615	-7508	10448	6952	5088	-768	1259
	33640	-8208	10788	4664	699	-1730	111
	33665	-10040	13984	4064	-550	-186	2412
	33689	-7236	10644	3764	154	6688	793
	33718	-7536	11784	5100	-4820	7399	-1541
	33742	-9376	13868	4820	-2487	5274	-1952
	33769	-8244	11240	4836	241	3135	-1131
	33794	-7520	13676	5100	2104	3092	-4527
	33818	-9924	12200	6424	2574	-541	-5062
	33843	-9536	11908	3336	-443	1931	-4719
	33867	-8772	12712	6452	-304	5866	-366
	33892	-9756	13724	6028	-2453	-1488	1533
	33916	-14312	11936	4872	-537	2939	-6072
	33941	-9632	16536	-612	3419	1015	-6744
	33968	-9780	9124	4556	2696	2174	-3978
	33992	-7476	10516	7412	-1495	-4072	-2549
	34017	-13368	11796	3332	-1974	-4239	-400
	34048	-9296	11824	5676	-687	-1323	-866
	34076	-7572	11068	6096	-1187	-1134	-680
	34101	-7976	11316	5088	-616	-2315	357
	34125	-12264	14352	2380	4161	-1615	-769
	34152	-13836	14452	1388	5713	5190	516
	34177	-8760	11208	5728	9050	5730	-1906
	34201	-8668	9200	3840	1694	659	-580
	34226	-11400	10836	2252	1226	1302	621
	34250	-10684	12680	2848	1529	4157	1954
	34275	-10228	10520	3488	3359	4842	2672
	34299	-13520	10132	3488	4175	7072	5212
	34324	-13864	11696	2904	3305	8542	-1001
	34355	-10396	12968	5280	4203	6460	-1004
	34379	-9252	12484	3496	4495	3965	-836
	34404	-10824	12072	-2248	1969	2394	-431
	34428	-13704	13500	-1900	2243	4901	3498
	34459	-10736	10920	1192	3474	7657	3818
	34484	-9140	10656	1508	2524	6413	1126
	34508	-9876	13228	1444	4171	6517	1490
	34533	-11928	14064	1340	6017	6808	1961
	34560	-9092	12444	-240	7700	8377	1418
	34584	-7484	16076	-1332	9920	7301	1531
	34611	-11104	6952	-1276	5151	5905	-1617
	34635	-7928	12784	-1436	704	3083	-2211
	34660	-10468	15288	-3808	1052	2884	-3059
	34691	-7000	17384	-1116	8519	98	-2576
	34715	-10056	6260	-908	3564	-4679	1203
	34742	-12468	13292	-1932	-3637	-4665	-2117
	34766	-13016	14836	-3356	-6345	-2059	321
	34793	-9884	12204	-344	-5958	1152	1249
	34818	-8252	11480	-1040	-6380	2038	-11
	34844	-10980	14216	-620	-7409	3081	-759
	34869	-9940	12916	-432	-4459	2483	-2339
	34899	-10216	12132	8796	-4415	4241	1006
	34924	-26740	22768	-9156	14145	-4616	-706
	34951	-9544	8292	-3440	6202	-3626	729
	34975	-10944	8372	-2508	403	-1564	-785
	35006	-12396	11676	-1224	262	257	-2586
	35031	-13908	12896	276	-1147	1926	-1845
	35055	-15532	9744	-5544	32	1722	-644
	35080	-10936	11712	-1888	278	1733	-1152
	35104	-10496	11088	-1388	-844	725	-256
	35131	-10852	11956	-748	596	1094	-326
	35155	-10800	11800	-1468	1439	1013	-980
	35180	-11568	10988	-3160	-1094	-1581	-1110
	35205	-12520	12532	-2376	-2037	-1927	-892
	35229	-10484	11680	-576	-1357	-3269	-493
	35256	-11512	11740	-1492	-177	-1440	-890
	35280	-12092	13360	-412	1754	-450	-195
	35309	-11596	12380	88	3235	231	515
	35336	-10172	10988	-2132	1481	-880	-112
	35360	-11292	11532	-2832	-618	2	-1189
	35385	-12244	11184	-2212	-31	958	-1442
	35409	-11284	17856	-1840	4900	881	-1004
	35434	-10040	10556	-1388	464	869	-931
	35459	-12064	12048	-2708	-516	-140	-471
	35487	-11184	11652	-1744	143	391	246
	35512	-10060	10580	-672	-200	-372	-415
	35538	-12408	12644	-1828	-298	-455	677
	35563	-11080	9004	-1828	-382	-1007	770
	35588	-11964	10628	-2312	-149	-1551	587
	35612	-11144	11940	-2192	1139	313	735
	35643	-10880	11664	-2492	328	-1424	724
	35667	-11440	12008	-2676	467	-657	9
	35692	-11452	12800	-1140	-73	-1304	-420
	35717	-12856	12988	-1376	-59	-85	-24
	35741	-11760	12420	-1268	-13	492	314
	35766	-11160	11176	-1636	282	236	724
	35790	-11528	12576	-3064	906	408	-34
	35815	-11424	6728	-4184	3	151	2949
	35840	-9632	10164	-1300	-407	-554	334
	35864	-10924	13016	-2000	925	165	91
	35889	-11020	12292	-2424	2773	37	288
	35913	-11604	11580	-872	2388	-131	1541
	35940	-10548	11100	-1944	420	48	571
	35969	-32768	32767	-32768	5266	2218	5562
	35993	6828	30692	16392	12395	-1780	-11472
	36024	-11000	18116	304	12292	1876	4316
	36048	-7184	11912	-2916	7812	-4202	1469
	36073	-6340	12532	-4280	-7805	-6966	-9209
	36100	-11472	12592	-5196	-11422	-9776	-1305
	36124	-12044	12456	-2320	-6124	-3937	1564
	36151	-10256	10508	752	336	584	1100
	36175	-9292	9444	356	3865	1687	-858
	36200	-12724	12456	-652	3547	559	-662
	36227	-12424	14068	-916	5475	478	-93
	36251	-11392	12168	-2812	2690	-80	335
	36280	-20204	24312	1896	-25110	-7976	27758
	36306	-9760	11376	-2100	-894	-3664	1525
	36331	-10648	13472	140	2662	-639	-353
	36358	-10072	12276	-300	3353	-429	-690
	36382	-9544	12284	8	1838	-1883	363
	36407	-13188	16296	72	549	-3709	2494
	36438	-10820	5072	-8452	4758	-3548	-608
	36464	-11984	14780	448	3768	-1572	-2434
	36489	-11692	12972	-1572	5221	-1406	-3415
	36513	-12648	13784	-1840	1377	-1568	-3874
	36540	-10652	10744	-1480	-575	-2354	1136
	36564	-9556	11532	384	-2334	-3643	1474
	36595	-11128	11960	-448	-4335	-3775	2093
	36620	-13740	12028	552	-6973	-432	2389
	36644	-11100	12024	2432	-5765	-1007	1138
	36671	-8864	12952	1520	-841	-1031	1821
	36696	-12148	13184	-2324	-641	-2941	440
	36720	-9280	11708	-564	-162	-2490	1359
	36745	-9604	12436	1028	17	-3360	222
	36769	-12220	14316	-868	561	-1072	-297
	36794	-9196	11660	-1568	1293	337	377
	36820	-8852	13516	-200	2712	-1003	-757
	36845	-10076	13004	-1316	1084	-2218	-387
	36870	-9440	13080	-352	497	-771	-95
	36898	-9604	11956	792	341	-2442	-976
	36929	-11004	12948	-2076	4335	-9	-2738
	36954	-9212	12064	-248	1961	-2330	-198
	36978	-10876	12720	-1736	1722	-3213	788
	37003	-10132	14100	-204	2431	-2624	-905
	37027	-11384	14624	-72	3163	-3349	-660
	37052	-852	-4576	-6632	-544	-1322	-1612
	37076	-10460	9812	-2888	4121	-1925	-925
	37103	-8652	13404	-168	3291	-3892	-808
	37128	-9324	14068	28	3459	-5067	499
	37152	-9580	12812	-788	3681	-3832	31
	37177	-9132	12384	-700	3190	-2970	661
	37201	-8720	12384	-1320	2711	-3190	1154
